  0.233    0.091   -0.080  
  0.091    0.173   -0.064  
 -0.080   -0.064    0.038  






0.100000 -16.483255 -17.577561 -15.388950
0.200000 -11.444975 -12.539281 -10.350670
0.300000 -8.590998 -9.685304 -7.496693
0.400000 -6.631321 -7.725627 -5.537016
0.500000 -5.161670 -6.255975 -4.067364
0.600000 -4.001971 -5.096276 -2.907665
0.700000 -3.056166 -4.150472 -1.961861
0.800000 -2.266919 -3.361225 -1.172614
0.900000 -1.597246 -2.691552 -0.502941
1.000000 -1.021894 -2.116200 0.072411
1.100000 -0.522852 -1.617158 0.571453
1.200000 -0.086821 -1.181127 1.007484
1.300000 0.296298 -0.798007 1.390604
1.400000 0.634357 -0.459949 1.728662
1.500000 0.933578 -0.160728 2.027883
1.600000 1.198977 0.104672 2.293283
1.700000 1.434660 0.340354 2.528966
1.800000 1.644025 0.549719 2.738330
1.900000 1.829918 0.735613 2.924224
2.000000 1.994750 0.900445 3.089056
2.100000 2.140576 1.046271 3.234882
2.200000 2.269166 1.174860 3.363472
2.300000 2.382052 1.287746 3.476357
2.400000 2.480571 1.386265 3.574877
2.500000 2.565897 1.471591 3.660202
2.600000 2.639064 1.544759 3.733370
2.700000 2.700992 1.606686 3.795297
2.800000 2.752497 1.658191 3.846802
2.900000 2.794311 1.700005 3.888616
3.000000 2.827091 1.732786 3.921397
3.100000 2.851431 1.757125 3.945736
3.200000 2.867865 1.773559 3.962171
3.300000 2.876881 1.782575 3.971187
3.400000 2.878921 1.784616 3.973227
3.500000 2.874391 1.780085 3.968697
3.600000 2.863660 1.769354 3.957965
3.700000 2.847068 1.752762 3.941373
3.800000 2.824927 1.730622 3.919233
3.900000 2.797527 1.703221 3.891833
4.000000 2.765133 1.670827 3.859439
4.100000 2.727992 1.633687 3.822298
4.200000 2.686333 1.592028 3.780639
4.300000 2.640369 1.546063 3.734674
4.400000 2.590297 1.495991 3.684602
4.500000 2.536302 1.441996 3.630607
4.600000 2.478556 1.384251 3.572862
4.700000 2.417222 1.322916 3.511527
4.800000 2.352449 1.258143 3.446755
4.900000 2.284380 1.190075 3.378686
5.000000 2.213149 1.118843 3.307454
5.100000 2.138879 1.044574 3.233185
5.200000 2.061690 0.967385 3.155996
5.300000 1.981693 0.887387 3.075998
5.400000 1.898991 0.804686 2.993297
5.500000 1.813686 0.719380 2.907992
5.600000 1.725870 0.631565 2.820176
5.700000 1.635633 0.541327 2.729938
5.800000 1.543058 0.448753 2.637364
5.900000 1.448226 0.353920 2.542532
6.000000 1.351212 0.256907 2.445518
6.100000 1.252089 0.157784 2.346395
6.200000 1.150926 0.056620 2.245231
6.300000 1.047786 -0.046519 2.142092
6.400000 0.942734 -0.151572 2.037039
6.500000 0.835827 -0.258478 1.930133
6.600000 0.727124 -0.367182 1.821429
6.700000 0.616676 -0.477629 1.710982
6.800000 0.504538 -0.589768 1.598843
6.900000 0.390757 -0.703549 1.485063
7.000000 0.275381 -0.818924 1.369687
7.100000 0.158456 -0.935850 1.252761
7.200000 0.040024 -1.054282 1.134329
7.300000 -0.079873 -1.174179 1.014433
7.400000 -0.201195 -1.295500 0.893111
7.500000 -0.323903 -1.418208 0.770403
7.600000 -0.447961 -1.542267 0.646345
7.700000 -0.573334 -1.667640 0.520972
7.800000 -0.699988 -1.794293 0.394318
7.900000 -0.827889 -1.922195 0.266416
8.000000 -0.957008 -2.051313 0.137298
8.100000 -1.087312 -2.181618 0.006993
8.200000 -1.218775 -2.313080 -0.124469
8.300000 -1.351366 -2.445672 -0.257061
8.400000 -1.485060 -2.579365 -0.390754
8.500000 -1.619830 -2.714135 -0.525524
8.600000 -1.755651 -2.849956 -0.661345
8.700000 -1.892498 -2.986804 -0.798193
8.800000 -2.030349 -3.124654 -0.936043
8.900000 -2.169180 -3.263486 -1.074875
9.000000 -2.308970 -3.403276 -1.214664
9.100000 -2.449697 -3.544003 -1.355392
9.200000 -2.591342 -3.685647 -1.497036
9.300000 -2.733883 -3.828189 -1.639577
9.400000 -2.877302 -3.971608 -1.782997
9.500000 -3.021581 -4.115887 -1.927275
9.600000 -3.166701 -4.261007 -2.072395
9.700000 -3.312645 -4.406951 -2.218339
9.800000 -3.459396 -4.553701 -2.365090
9.900000 -3.606937 -4.701243 -2.512632
