-8.000000 -1.000000
-7.990000 -1.000000
-7.980000 -1.000000
-7.970000 -1.000000
-7.960000 -1.000000
-7.950000 -1.000000
-7.940000 -1.000000
-7.930000 -1.000000
-7.920000 -1.000000
-7.910000 -1.000000
-7.900000 -1.000000
-7.890000 -1.000000
-7.880000 -1.000000
-7.870000 -1.000000
-7.860000 -1.000000
-7.850000 -1.000000
-7.840000 -1.000000
-7.830000 -1.000000
-7.820000 -1.000000
-7.810000 -1.000000
-7.800000 -1.000000
-7.790000 -1.000000
-7.780000 -1.000000
-7.770000 -1.000000
-7.760000 -1.000000
-7.750000 -1.000000
-7.740000 -1.000000
-7.730000 -1.000000
-7.720000 -1.000000
-7.710000 -1.000000
-7.700000 -1.000000
-7.690000 -1.000000
-7.680000 -1.000000
-7.670000 -1.000000
-7.660000 -1.000000
-7.650000 -1.000000
-7.640000 -1.000000
-7.630000 -1.000000
-7.620000 -1.000000
-7.610000 -1.000000
-7.600000 -1.000000
-7.590000 -1.000000
-7.580000 -1.000000
-7.570000 -1.000000
-7.560000 -1.000000
-7.550000 -1.000000
-7.540000 -1.000000
-7.530000 -1.000000
-7.520000 -1.000000
-7.510000 -1.000000
-7.500000 -1.000000
-7.490000 -1.000000
-7.480000 -1.000000
-7.470000 -1.000000
-7.460000 -1.000000
-7.450000 -1.000000
-7.440000 -1.000000
-7.430000 -1.000000
-7.420000 -1.000000
-7.410000 -1.000000
-7.400000 -1.000000
-7.390000 -1.000000
-7.380000 -1.000000
-7.370000 -1.000000
-7.360000 -1.000000
-7.350000 -1.000000
-7.340000 -1.000000
-7.330000 -1.000000
-7.320000 -1.000000
-7.310000 -1.000000
-7.300000 -1.000000
-7.290000 -1.000000
-7.280000 -1.000000
-7.270000 -1.000000
-7.260000 -1.000000
-7.250000 -1.000000
-7.240000 -1.000000
-7.230000 -1.000000
-7.220000 -1.000000
-7.210000 -1.000000
-7.200000 -1.000000
-7.190000 -1.000000
-7.180000 -1.000000
-7.170000 -1.000000
-7.160000 -1.000000
-7.150000 -1.000000
-7.140000 -1.000000
-7.130000 -1.000000
-7.120000 -1.000000
-7.110000 -1.000000
-7.100000 -1.000000
-7.090000 -1.000000
-7.080000 -1.000000
-7.070000 -1.000000
-7.060000 -1.000000
-7.050000 -1.000000
-7.040000 -1.000000
-7.030000 -1.000000
-7.020000 -1.000000
-7.010000 -1.000000
-7.000000 -1.000000
-6.990000 -1.000000
-6.980000 -1.000000
-6.970000 -1.000000
-6.960000 -1.000000
-6.950000 -1.000000
-6.940000 -1.000000
-6.930000 -1.000000
-6.920000 -1.000000
-6.910000 -1.000000
-6.900000 -1.000000
-6.890000 -1.000000
-6.880000 -1.000000
-6.870000 -1.000000
-6.860000 -1.000000
-6.850000 -1.000000
-6.840000 -1.000000
-6.830000 -1.000000
-6.820000 -1.000000
-6.810000 -1.000000
-6.800000 -1.000000
-6.790000 -1.000000
-6.780000 -1.000000
-6.770000 -1.000000
-6.760000 -1.000000
-6.750000 -1.000000
-6.740000 -1.000000
-6.730000 -1.000000
-6.720000 -1.000000
-6.710000 -1.000000
-6.700000 -1.000000
-6.690000 -1.000000
-6.680000 -1.000000
-6.670000 -1.000000
-6.660000 -1.000000
-6.650000 -1.000000
-6.640000 -1.000000
-6.630000 -1.000000
-6.620000 -1.000000
-6.610000 -1.000000
-6.600000 -1.000000
-6.590000 -1.000000
-6.580000 -1.000000
-6.570000 -1.000000
-6.560000 -1.000000
-6.550000 -1.000000
-6.540000 -1.000000
-6.530000 -1.000000
-6.520000 -1.000000
-6.510000 -1.000000
-6.500000 -1.000000
-6.490000 -1.000000
-6.480000 -1.000000
-6.470000 -1.000000
-6.460000 -1.000000
-6.450000 -1.000000
-6.440000 -1.000000
-6.430000 -1.000000
-6.420000 -1.000000
-6.410000 -1.000000
-6.400000 -1.000000
-6.390000 -1.000000
-6.380000 -1.000000
-6.370000 -1.000000
-6.360000 -1.000000
-6.350000 -1.000000
-6.340000 -1.000000
-6.330000 -1.000000
-6.320000 -1.000000
-6.310000 -1.000000
-6.300000 -1.000000
-6.290000 -1.000000
-6.280000 -1.000000
-6.270000 -1.000000
-6.260000 -1.000000
-6.250000 -1.000000
-6.240000 -1.000000
-6.230000 -1.000000
-6.220000 -1.000000
-6.210000 -1.000000
-6.200000 -1.000000
-6.190000 -1.000000
-6.180000 -1.000000
-6.170000 -1.000000
-6.160000 -1.000000
-6.150000 -1.000000
-6.140000 -1.000000
-6.130000 -1.000000
-6.120000 -1.000000
-6.110000 -1.000000
-6.100000 -1.000000
-6.090000 -1.000000
-6.080000 -1.000000
-6.070000 -1.000000
-6.060000 -1.000000
-6.050000 -1.000000
-6.040000 -1.000000
-6.030000 -1.000000
-6.020000 -1.000000
-6.010000 -1.000000
-6.000000 -1.000000
-5.990000 -1.000000
-5.980000 -1.000000
-5.970000 -1.000000
-5.960000 -1.000000
-5.950000 -1.000000
-5.940000 -1.000000
-5.930000 -1.000000
-5.920000 -1.000000
-5.910000 -1.000000
-5.900000 -1.000000
-5.890000 -1.000000
-5.880000 -1.000000
-5.870000 -1.000000
-5.860000 -1.000000
-5.850000 -1.000000
-5.840000 -1.000000
-5.830000 -1.000000
-5.820000 -1.000000
-5.810000 -1.000000
-5.800000 -1.000000
-5.790000 -1.000000
-5.780000 -1.000000
-5.770000 -1.000000
-5.760000 -1.000000
-5.750000 -1.000000
-5.740000 -1.000000
-5.730000 -1.000000
-5.720000 -1.000000
-5.710000 -1.000000
-5.700000 -1.000000
-5.690000 -1.000000
-5.680000 -1.000000
-5.670000 -1.000000
-5.660000 -1.000000
-5.650000 -1.000000
-5.640000 -1.000000
-5.630000 -1.000000
-5.620000 -1.000000
-5.610000 -1.000000
-5.600000 -1.000000
-5.590000 -1.000000
-5.580000 -1.000000
-5.570000 -1.000000
-5.560000 -1.000000
-5.550000 -1.000000
-5.540000 -1.000000
-5.530000 -1.000000
-5.520000 -1.000000
-5.510000 -1.000000
-5.500000 -1.000000
-5.490000 -1.000000
-5.480000 -1.000000
-5.470000 -1.000000
-5.460000 -1.000000
-5.450000 -1.000000
-5.440000 -1.000000
-5.430000 -1.000000
-5.420000 -1.000000
-5.410000 -1.000000
-5.400000 -1.000000
-5.390000 -1.000000
-5.380000 -1.000000
-5.370000 -1.000000
-5.360000 -1.000000
-5.350000 -1.000000
-5.340000 -1.000000
-5.330000 -1.000000
-5.320000 -1.000000
-5.310000 -1.000000
-5.300000 -1.000000
-5.290000 -1.000000
-5.280000 -1.000000
-5.270000 -1.000000
-5.260000 -1.000000
-5.250000 -1.000000
-5.240000 -1.000000
-5.230000 -1.000000
-5.220000 -1.000000
-5.210000 -1.000000
-5.200000 -1.000000
-5.190000 -1.000000
-5.180000 -1.000000
-5.170000 -1.000000
-5.160000 -1.000000
-5.150000 -1.000000
-5.140000 -1.000000
-5.130000 -1.000000
-5.120000 -1.000000
-5.110000 -1.000000
-5.100000 -1.000000
-5.090000 -1.000000
-5.080000 -1.000000
-5.070000 -1.000000
-5.060000 -1.000000
-5.050000 -1.000000
-5.040000 -1.000000
-5.030000 -1.000000
-5.020000 -1.000000
-5.010000 -1.000000
-5.000000 -1.000000
-4.990000 -1.000000
-4.980000 -1.000000
-4.970000 -1.000000
-4.960000 -1.000000
-4.950000 -1.000000
-4.940000 -1.000000
-4.930000 -1.000000
-4.920000 -1.000000
-4.910000 -1.000000
-4.900000 -1.000000
-4.890000 -1.000000
-4.880000 -1.000000
-4.870000 -1.000000
-4.860000 -1.000000
-4.850000 -1.000000
-4.840000 -1.000000
-4.830000 -1.000000
-4.820000 -1.000000
-4.810000 -1.000000
-4.800000 -1.000000
-4.790000 -1.000000
-4.780000 -1.000000
-4.770000 -1.000000
-4.760000 -1.000000
-4.750000 -1.000000
-4.740000 -1.000000
-4.730000 -1.000000
-4.720000 -1.000000
-4.710000 -1.000000
-4.700000 -1.000000
-4.690000 -1.000000
-4.680000 -1.000000
-4.670000 -1.000000
-4.660000 -1.000000
-4.650000 -1.000000
-4.640000 -1.000000
-4.630000 -1.000000
-4.620000 -1.000000
-4.610000 -1.000000
-4.600000 -1.000000
-4.590000 -1.000000
-4.580000 -1.000000
-4.570000 -1.000000
-4.560000 -1.000000
-4.550000 -1.000000
-4.540000 -1.000000
-4.530000 -1.000000
-4.520000 -1.000000
-4.510000 -1.000000
-4.500000 -1.000000
-4.490000 -1.000000
-4.480000 -1.000000
-4.470000 -1.000000
-4.460000 -1.000000
-4.450000 -1.000000
-4.440000 -1.000000
-4.430000 -1.000000
-4.420000 -1.000000
-4.410000 -1.000000
-4.400000 -1.000000
-4.390000 -1.000000
-4.380000 -1.000000
-4.370000 -1.000000
-4.360000 -1.000000
-4.350000 -1.000000
-4.340000 -1.000000
-4.330000 -1.000000
-4.320000 -1.000000
-4.310000 -1.000000
-4.300000 -1.000000
-4.290000 -1.000000
-4.280000 -1.000000
-4.270000 -1.000000
-4.260000 -1.000000
-4.250000 -1.000000
-4.240000 -1.000000
-4.230000 -1.000000
-4.220000 -1.000000
-4.210000 -1.000000
-4.200000 -1.000000
-4.190000 -1.000000
-4.180000 -1.000000
-4.170000 -1.000000
-4.160000 -1.000000
-4.150000 -1.000000
-4.140000 -1.000000
-4.130000 -1.000000
-4.120000 -1.000000
-4.110000 -1.000000
-4.100000 -1.000000
-4.090000 -1.000000
-4.080000 -1.000000
-4.070000 -1.000000
-4.060000 -1.000000
-4.050000 -1.000000
-4.040000 -1.000000
-4.030000 -1.000000
-4.020000 -1.000000
-4.010000 -1.000000
-4.000000 -1.000000
-3.990000 -1.000000
-3.980000 -1.000000
-3.970000 -1.000000
-3.960000 -1.000000
-3.950000 -1.000000
-3.940000 -1.000000
-3.930000 -1.000000
-3.920000 -1.000000
-3.910000 -1.000000
-3.900000 -1.000000
-3.890000 -1.000000
-3.880000 -1.000000
-3.870000 -1.000000
-3.860000 -1.000000
-3.850000 -1.000000
-3.840000 -1.000000
-3.830000 -1.000000
-3.820000 -1.000000
-3.810000 -1.000000
-3.800000 -1.000000
-3.790000 -1.000000
-3.780000 -1.000000
-3.770000 -1.000000
-3.760000 -1.000000
-3.750000 -1.000000
-3.740000 -1.000000
-3.730000 -1.000000
-3.720000 -1.000000
-3.710000 -1.000000
-3.700000 -1.000000
-3.690000 -1.000000
-3.680000 -1.000000
-3.670000 -1.000000
-3.660000 -1.000000
-3.650000 -1.000000
-3.640000 -1.000000
-3.630000 -1.000000
-3.620000 -1.000000
-3.610000 -1.000000
-3.600000 -1.000000
-3.590000 -1.000000
-3.580000 -1.000000
-3.570000 -1.000000
-3.560000 -1.000000
-3.550000 -0.999999
-3.540000 -0.999999
-3.530000 -0.999999
-3.520000 -0.999999
-3.510000 -0.999999
-3.500000 -0.999999
-3.490000 -0.999999
-3.480000 -0.999999
-3.470000 -0.999999
-3.460000 -0.999999
-3.450000 -0.999999
-3.440000 -0.999999
-3.430000 -0.999999
-3.420000 -0.999999
-3.410000 -0.999999
-3.400000 -0.999998
-3.390000 -0.999998
-3.380000 -0.999998
-3.370000 -0.999998
-3.360000 -0.999998
-3.350000 -0.999998
-3.340000 -0.999998
-3.330000 -0.999998
-3.320000 -0.999997
-3.310000 -0.999997
-3.300000 -0.999997
-3.290000 -0.999997
-3.280000 -0.999996
-3.270000 -0.999996
-3.260000 -0.999996
-3.250000 -0.999996
-3.240000 -0.999995
-3.230000 -0.999995
-3.220000 -0.999995
-3.210000 -0.999994
-3.200000 -0.999994
-3.190000 -0.999994
-3.180000 -0.999993
-3.170000 -0.999993
-3.160000 -0.999992
-3.150000 -0.999992
-3.140000 -0.999991
-3.130000 -0.999990
-3.120000 -0.999990
-3.110000 -0.999989
-3.100000 -0.999988
-3.090000 -0.999988
-3.080000 -0.999987
-3.070000 -0.999986
-3.060000 -0.999985
-3.050000 -0.999984
-3.040000 -0.999983
-3.030000 -0.999982
-3.020000 -0.999981
-3.010000 -0.999979
-3.000000 -0.999978
-2.990000 -0.999976
-2.980000 -0.999975
-2.970000 -0.999973
-2.960000 -0.999972
-2.950000 -0.999970
-2.940000 -0.999968
-2.930000 -0.999966
-2.920000 -0.999964
-2.910000 -0.999961
-2.900000 -0.999959
-2.890000 -0.999956
-2.880000 -0.999954
-2.870000 -0.999951
-2.860000 -0.999948
-2.850000 -0.999944
-2.840000 -0.999941
-2.830000 -0.999937
-2.820000 -0.999933
-2.810000 -0.999929
-2.800000 -0.999925
-2.790000 -0.999920
-2.780000 -0.999916
-2.770000 -0.999910
-2.760000 -0.999905
-2.750000 -0.999899
-2.740000 -0.999893
-2.730000 -0.999887
-2.720000 -0.999880
-2.710000 -0.999873
-2.700000 -0.999866
-2.690000 -0.999858
-2.680000 -0.999849
-2.670000 -0.999841
-2.660000 -0.999831
-2.650000 -0.999822
-2.640000 -0.999811
-2.630000 -0.999800
-2.620000 -0.999789
-2.610000 -0.999777
-2.600000 -0.999764
-2.590000 -0.999751
-2.580000 -0.999736
-2.570000 -0.999722
-2.560000 -0.999706
-2.550000 -0.999689
-2.540000 -0.999672
-2.530000 -0.999654
-2.520000 -0.999635
-2.510000 -0.999614
-2.500000 -0.999593
-2.490000 -0.999571
-2.480000 -0.999547
-2.470000 -0.999523
-2.460000 -0.999497
-2.450000 -0.999469
-2.440000 -0.999441
-2.430000 -0.999411
-2.420000 -0.999379
-2.410000 -0.999346
-2.400000 -0.999311
-2.390000 -0.999275
-2.380000 -0.999237
-2.370000 -0.999197
-2.360000 -0.999155
-2.350000 -0.999111
-2.340000 -0.999065
-2.330000 -0.999016
-2.320000 -0.998966
-2.310000 -0.998912
-2.300000 -0.998857
-2.290000 -0.998799
-2.280000 -0.998738
-2.270000 -0.998674
-2.260000 -0.998607
-2.250000 -0.998537
-2.240000 -0.998464
-2.230000 -0.998388
-2.220000 -0.998308
-2.210000 -0.998224
-2.200000 -0.998137
-2.190000 -0.998046
-2.180000 -0.997951
-2.170000 -0.997851
-2.160000 -0.997747
-2.150000 -0.997639
-2.140000 -0.997525
-2.130000 -0.997407
-2.120000 -0.997284
-2.110000 -0.997155
-2.100000 -0.997021
-2.090000 -0.996880
-2.080000 -0.996734
-2.070000 -0.996582
-2.060000 -0.996423
-2.050000 -0.996258
-2.040000 -0.996086
-2.030000 -0.995906
-2.020000 -0.995719
-2.010000 -0.995525
-2.000000 -0.995322
-1.990000 -0.995111
-1.980000 -0.994892
-1.970000 -0.994664
-1.960000 -0.994426
-1.950000 -0.994179
-1.940000 -0.993923
-1.930000 -0.993656
-1.920000 -0.993378
-1.910000 -0.993090
-1.900000 -0.992790
-1.890000 -0.992479
-1.880000 -0.992156
-1.870000 -0.991821
-1.860000 -0.991472
-1.850000 -0.991111
-1.840000 -0.990736
-1.830000 -0.990347
-1.820000 -0.989943
-1.810000 -0.989525
-1.800000 -0.989091
-1.790000 -0.988641
-1.780000 -0.988174
-1.770000 -0.987691
-1.760000 -0.987190
-1.750000 -0.986672
-1.740000 -0.986135
-1.730000 -0.985578
-1.720000 -0.985003
-1.710000 -0.984407
-1.700000 -0.983790
-1.690000 -0.983153
-1.680000 -0.982493
-1.670000 -0.981810
-1.660000 -0.981105
-1.650000 -0.980376
-1.640000 -0.979622
-1.630000 -0.978843
-1.620000 -0.978038
-1.610000 -0.977207
-1.600000 -0.976348
-1.590000 -0.975462
-1.580000 -0.974547
-1.570000 -0.973603
-1.560000 -0.972628
-1.550000 -0.971623
-1.540000 -0.970586
-1.530000 -0.969516
-1.520000 -0.968413
-1.510000 -0.967277
-1.500000 -0.966105
-1.490000 -0.964898
-1.480000 -0.963654
-1.470000 -0.962373
-1.460000 -0.961054
-1.450000 -0.959695
-1.440000 -0.958297
-1.430000 -0.956857
-1.420000 -0.955376
-1.410000 -0.953852
-1.400000 -0.952285
-1.390000 -0.950673
-1.380000 -0.949016
-1.370000 -0.947312
-1.360000 -0.945561
-1.350000 -0.943762
-1.340000 -0.941914
-1.330000 -0.940015
-1.320000 -0.938065
-1.310000 -0.936063
-1.300000 -0.934008
-1.290000 -0.931899
-1.280000 -0.929734
-1.270000 -0.927514
-1.260000 -0.925236
-1.250000 -0.922900
-1.240000 -0.920505
-1.230000 -0.918050
-1.220000 -0.915534
-1.210000 -0.912956
-1.200000 -0.910314
-1.190000 -0.907608
-1.180000 -0.904837
-1.170000 -0.902000
-1.160000 -0.899096
-1.150000 -0.896124
-1.140000 -0.893082
-1.130000 -0.889971
-1.120000 -0.886788
-1.110000 -0.883533
-1.100000 -0.880205
-1.090000 -0.876803
-1.080000 -0.873326
-1.070000 -0.869773
-1.060000 -0.866144
-1.050000 -0.862436
-1.040000 -0.858650
-1.030000 -0.854784
-1.020000 -0.850838
-1.010000 -0.846810
-1.000000 -0.842701
-0.990000 -0.838508
-0.980000 -0.834232
-0.970000 -0.829870
-0.960000 -0.825424
-0.950000 -0.820891
-0.940000 -0.816271
-0.930000 -0.811564
-0.920000 -0.806768
-0.910000 -0.801883
-0.900000 -0.796908
-0.890000 -0.791843
-0.880000 -0.786687
-0.870000 -0.781440
-0.860000 -0.776100
-0.850000 -0.770668
-0.840000 -0.765143
-0.830000 -0.759524
-0.820000 -0.753811
-0.810000 -0.748003
-0.800000 -0.742101
-0.790000 -0.736103
-0.780000 -0.730010
-0.770000 -0.723822
-0.760000 -0.717537
-0.750000 -0.711156
-0.740000 -0.704678
-0.730000 -0.698104
-0.720000 -0.691433
-0.710000 -0.684666
-0.700000 -0.677801
-0.690000 -0.670840
-0.680000 -0.663782
-0.670000 -0.656628
-0.660000 -0.649377
-0.650000 -0.642029
-0.640000 -0.634586
-0.630000 -0.627046
-0.620000 -0.619411
-0.610000 -0.611681
-0.600000 -0.603856
-0.590000 -0.595936
-0.580000 -0.587923
-0.570000 -0.579816
-0.560000 -0.571616
-0.550000 -0.563323
-0.540000 -0.554939
-0.530000 -0.546464
-0.520000 -0.537899
-0.510000 -0.529244
-0.500000 -0.520500
-0.490000 -0.511668
-0.480000 -0.502750
-0.470000 -0.493745
-0.460000 -0.484655
-0.450000 -0.475482
-0.440000 -0.466225
-0.430000 -0.456887
-0.420000 -0.447468
-0.410000 -0.437969
-0.400000 -0.428392
-0.390000 -0.418739
-0.380000 -0.409009
-0.370000 -0.399206
-0.360000 -0.389330
-0.350000 -0.379382
-0.340000 -0.369365
-0.330000 -0.359279
-0.320000 -0.349126
-0.310000 -0.338908
-0.300000 -0.328627
-0.290000 -0.318283
-0.280000 -0.307880
-0.270000 -0.297418
-0.260000 -0.286900
-0.250000 -0.276326
-0.240000 -0.265700
-0.230000 -0.255023
-0.220000 -0.244296
-0.210000 -0.233522
-0.200000 -0.222703
-0.190000 -0.211840
-0.180000 -0.200936
-0.170000 -0.189992
-0.160000 -0.179012
-0.150000 -0.167996
-0.140000 -0.156947
-0.130000 -0.145867
-0.120000 -0.134758
-0.110000 -0.123623
-0.100000 -0.112463
-0.090000 -0.101281
-0.080000 -0.090078
-0.070000 -0.078858
-0.060000 -0.067622
-0.050000 -0.056372
-0.040000 -0.045111
-0.030000 -0.033841
-0.020000 -0.022565
-0.010000 -0.011283
-0.000000 -0.000000
0.010000 0.011283
0.020000 0.022565
0.030000 0.033841
0.040000 0.045111
0.050000 0.056372
0.060000 0.067622
0.070000 0.078858
0.080000 0.090078
0.090000 0.101281
0.100000 0.112463
0.110000 0.123623
0.120000 0.134758
0.130000 0.145867
0.140000 0.156947
0.150000 0.167996
0.160000 0.179012
0.170000 0.189992
0.180000 0.200936
0.190000 0.211840
0.200000 0.222703
0.210000 0.233522
0.220000 0.244296
0.230000 0.255023
0.240000 0.265700
0.250000 0.276326
0.260000 0.286900
0.270000 0.297418
0.280000 0.307880
0.290000 0.318283
0.300000 0.328627
0.310000 0.338908
0.320000 0.349126
0.330000 0.359279
0.340000 0.369365
0.350000 0.379382
0.360000 0.389330
0.370000 0.399206
0.380000 0.409009
0.390000 0.418739
0.400000 0.428392
0.410000 0.437969
0.420000 0.447468
0.430000 0.456887
0.440000 0.466225
0.450000 0.475482
0.460000 0.484655
0.470000 0.493745
0.480000 0.502750
0.490000 0.511668
0.500000 0.520500
0.510000 0.529244
0.520000 0.537899
0.530000 0.546464
0.540000 0.554939
0.550000 0.563323
0.560000 0.571616
0.570000 0.579816
0.580000 0.587923
0.590000 0.595936
0.600000 0.603856
0.610000 0.611681
0.620000 0.619411
0.630000 0.627046
0.640000 0.634586
0.650000 0.642029
0.660000 0.649377
0.670000 0.656628
0.680000 0.663782
0.690000 0.670840
0.700000 0.677801
0.710000 0.684666
0.720000 0.691433
0.730000 0.698104
0.740000 0.704678
0.750000 0.711156
0.760000 0.717537
0.770000 0.723822
0.780000 0.730010
0.790000 0.736103
0.800000 0.742101
0.810000 0.748003
0.820000 0.753811
0.830000 0.759524
0.840000 0.765143
0.850000 0.770668
0.860000 0.776100
0.870000 0.781440
0.880000 0.786687
0.890000 0.791843
0.900000 0.796908
0.910000 0.801883
0.920000 0.806768
0.930000 0.811564
0.940000 0.816271
0.950000 0.820891
0.960000 0.825424
0.970000 0.829870
0.980000 0.834232
0.990000 0.838508
1.000000 0.842701
1.010000 0.846810
1.020000 0.850838
1.030000 0.854784
1.040000 0.858650
1.050000 0.862436
1.060000 0.866144
1.070000 0.869773
1.080000 0.873326
1.090000 0.876803
1.100000 0.880205
1.110000 0.883533
1.120000 0.886788
1.130000 0.889971
1.140000 0.893082
1.150000 0.896124
1.160000 0.899096
1.170000 0.902000
1.180000 0.904837
1.190000 0.907608
1.200000 0.910314
1.210000 0.912956
1.220000 0.915534
1.230000 0.918050
1.240000 0.920505
1.250000 0.922900
1.260000 0.925236
1.270000 0.927514
1.280000 0.929734
1.290000 0.931899
1.300000 0.934008
1.310000 0.936063
1.320000 0.938065
1.330000 0.940015
1.340000 0.941914
1.350000 0.943762
1.360000 0.945561
1.370000 0.947312
1.380000 0.949016
1.390000 0.950673
1.400000 0.952285
1.410000 0.953852
1.420000 0.955376
1.430000 0.956857
1.440000 0.958297
1.450000 0.959695
1.460000 0.961054
1.470000 0.962373
1.480000 0.963654
1.490000 0.964898
1.500000 0.966105
1.510000 0.967277
1.520000 0.968413
1.530000 0.969516
1.540000 0.970586
1.550000 0.971623
1.560000 0.972628
1.570000 0.973603
1.580000 0.974547
1.590000 0.975462
1.600000 0.976348
1.610000 0.977207
1.620000 0.978038
1.630000 0.978843
1.640000 0.979622
1.650000 0.980376
1.660000 0.981105
1.670000 0.981810
1.680000 0.982493
1.690000 0.983153
1.700000 0.983790
1.710000 0.984407
1.720000 0.985003
1.730000 0.985578
1.740000 0.986135
1.750000 0.986672
1.760000 0.987190
1.770000 0.987691
1.780000 0.988174
1.790000 0.988641
1.800000 0.989091
1.810000 0.989525
1.820000 0.989943
1.830000 0.990347
1.840000 0.990736
1.850000 0.991111
1.860000 0.991472
1.870000 0.991821
1.880000 0.992156
1.890000 0.992479
1.900000 0.992790
1.910000 0.993090
1.920000 0.993378
1.930000 0.993656
1.940000 0.993923
1.950000 0.994179
1.960000 0.994426
1.970000 0.994664
1.980000 0.994892
1.990000 0.995111
2.000000 0.995322
2.010000 0.995525
2.020000 0.995719
2.030000 0.995906
2.040000 0.996086
2.050000 0.996258
2.060000 0.996423
2.070000 0.996582
2.080000 0.996734
2.090000 0.996880
2.100000 0.997021
2.110000 0.997155
2.120000 0.997284
2.130000 0.997407
2.140000 0.997525
2.150000 0.997639
2.160000 0.997747
2.170000 0.997851
2.180000 0.997951
2.190000 0.998046
2.200000 0.998137
2.210000 0.998224
2.220000 0.998308
2.230000 0.998388
2.240000 0.998464
2.250000 0.998537
2.260000 0.998607
2.270000 0.998674
2.280000 0.998738
2.290000 0.998799
2.300000 0.998857
2.310000 0.998912
2.320000 0.998966
2.330000 0.999016
2.340000 0.999065
2.350000 0.999111
2.360000 0.999155
2.370000 0.999197
2.380000 0.999237
2.390000 0.999275
2.400000 0.999311
2.410000 0.999346
2.420000 0.999379
2.430000 0.999411
2.440000 0.999441
2.450000 0.999469
2.460000 0.999497
2.470000 0.999523
2.480000 0.999547
2.490000 0.999571
2.500000 0.999593
2.510000 0.999614
2.520000 0.999635
2.530000 0.999654
2.540000 0.999672
2.550000 0.999689
2.560000 0.999706
2.570000 0.999722
2.580000 0.999736
2.590000 0.999751
2.600000 0.999764
2.610000 0.999777
2.620000 0.999789
2.630000 0.999800
2.640000 0.999811
2.650000 0.999822
2.660000 0.999831
2.670000 0.999841
2.680000 0.999849
2.690000 0.999858
2.700000 0.999866
2.710000 0.999873
2.720000 0.999880
2.730000 0.999887
2.740000 0.999893
2.750000 0.999899
2.760000 0.999905
2.770000 0.999910
2.780000 0.999916
2.790000 0.999920
2.800000 0.999925
2.810000 0.999929
2.820000 0.999933
2.830000 0.999937
2.840000 0.999941
2.850000 0.999944
2.860000 0.999948
2.870000 0.999951
2.880000 0.999954
2.890000 0.999956
2.900000 0.999959
2.910000 0.999961
2.920000 0.999964
2.930000 0.999966
2.940000 0.999968
2.950000 0.999970
2.960000 0.999972
2.970000 0.999973
2.980000 0.999975
2.990000 0.999976
3.000000 0.999978
3.010000 0.999979
3.020000 0.999981
3.030000 0.999982
3.040000 0.999983
3.050000 0.999984
3.060000 0.999985
3.070000 0.999986
3.080000 0.999987
3.090000 0.999988
3.100000 0.999988
3.110000 0.999989
3.120000 0.999990
3.130000 0.999990
3.140000 0.999991
3.150000 0.999992
3.160000 0.999992
3.170000 0.999993
3.180000 0.999993
3.190000 0.999994
3.200000 0.999994
3.210000 0.999994
3.220000 0.999995
3.230000 0.999995
3.240000 0.999995
3.250000 0.999996
3.260000 0.999996
3.270000 0.999996
3.280000 0.999996
3.290000 0.999997
3.300000 0.999997
3.310000 0.999997
3.320000 0.999997
3.330000 0.999998
3.340000 0.999998
3.350000 0.999998
3.360000 0.999998
3.370000 0.999998
3.380000 0.999998
3.390000 0.999998
3.400000 0.999998
3.410000 0.999999
3.420000 0.999999
3.430000 0.999999
3.440000 0.999999
3.450000 0.999999
3.460000 0.999999
3.470000 0.999999
3.480000 0.999999
3.490000 0.999999
3.500000 0.999999
3.510000 0.999999
3.520000 0.999999
3.530000 0.999999
3.540000 0.999999
3.550000 0.999999
3.560000 1.000000
3.570000 1.000000
3.580000 1.000000
3.590000 1.000000
3.600000 1.000000
3.610000 1.000000
3.620000 1.000000
3.630000 1.000000
3.640000 1.000000
3.650000 1.000000
3.660000 1.000000
3.670000 1.000000
3.680000 1.000000
3.690000 1.000000
3.700000 1.000000
3.710000 1.000000
3.720000 1.000000
3.730000 1.000000
3.740000 1.000000
3.750000 1.000000
3.760000 1.000000
3.770000 1.000000
3.780000 1.000000
3.790000 1.000000
3.800000 1.000000
3.810000 1.000000
3.820000 1.000000
3.830000 1.000000
3.840000 1.000000
3.850000 1.000000
3.860000 1.000000
3.870000 1.000000
3.880000 1.000000
3.890000 1.000000
3.900000 1.000000
3.910000 1.000000
3.920000 1.000000
3.930000 1.000000
3.940000 1.000000
3.950000 1.000000
3.960000 1.000000
3.970000 1.000000
3.980000 1.000000
3.990000 1.000000
4.000000 1.000000
4.010000 1.000000
4.020000 1.000000
4.030000 1.000000
4.040000 1.000000
4.050000 1.000000
4.060000 1.000000
4.070000 1.000000
4.080000 1.000000
4.090000 1.000000
4.100000 1.000000
4.110000 1.000000
4.120000 1.000000
4.130000 1.000000
4.140000 1.000000
4.150000 1.000000
4.160000 1.000000
4.170000 1.000000
4.180000 1.000000
4.190000 1.000000
4.200000 1.000000
4.210000 1.000000
4.220000 1.000000
4.230000 1.000000
4.240000 1.000000
4.250000 1.000000
4.260000 1.000000
4.270000 1.000000
4.280000 1.000000
4.290000 1.000000
4.300000 1.000000
4.310000 1.000000
4.320000 1.000000
4.330000 1.000000
4.340000 1.000000
4.350000 1.000000
4.360000 1.000000
4.370000 1.000000
4.380000 1.000000
4.390000 1.000000
4.400000 1.000000
4.410000 1.000000
4.420000 1.000000
4.430000 1.000000
4.440000 1.000000
4.450000 1.000000
4.460000 1.000000
4.470000 1.000000
4.480000 1.000000
4.490000 1.000000
4.500000 1.000000
4.510000 1.000000
4.520000 1.000000
4.530000 1.000000
4.540000 1.000000
4.550000 1.000000
4.560000 1.000000
4.570000 1.000000
4.580000 1.000000
4.590000 1.000000
4.600000 1.000000
4.610000 1.000000
4.620000 1.000000
4.630000 1.000000
4.640000 1.000000
4.650000 1.000000
4.660000 1.000000
4.670000 1.000000
4.680000 1.000000
4.690000 1.000000
4.700000 1.000000
4.710000 1.000000
4.720000 1.000000
4.730000 1.000000
4.740000 1.000000
4.750000 1.000000
4.760000 1.000000
4.770000 1.000000
4.780000 1.000000
4.790000 1.000000
4.800000 1.000000
4.810000 1.000000
4.820000 1.000000
4.830000 1.000000
4.840000 1.000000
4.850000 1.000000
4.860000 1.000000
4.870000 1.000000
4.880000 1.000000
4.890000 1.000000
4.900000 1.000000
4.910000 1.000000
4.920000 1.000000
4.930000 1.000000
4.940000 1.000000
4.950000 1.000000
4.960000 1.000000
4.970000 1.000000
4.980000 1.000000
4.990000 1.000000
5.000000 1.000000
5.010000 1.000000
5.020000 1.000000
5.030000 1.000000
5.040000 1.000000
5.050000 1.000000
5.060000 1.000000
5.070000 1.000000
5.080000 1.000000
5.090000 1.000000
5.100000 1.000000
5.110000 1.000000
5.120000 1.000000
5.130000 1.000000
5.140000 1.000000
5.150000 1.000000
5.160000 1.000000
5.170000 1.000000
5.180000 1.000000
5.190000 1.000000
5.200000 1.000000
5.210000 1.000000
5.220000 1.000000
5.230000 1.000000
5.240000 1.000000
5.250000 1.000000
5.260000 1.000000
5.270000 1.000000
5.280000 1.000000
5.290000 1.000000
5.300000 1.000000
5.310000 1.000000
5.320000 1.000000
5.330000 1.000000
5.340000 1.000000
5.350000 1.000000
5.360000 1.000000
5.370000 1.000000
5.380000 1.000000
5.390000 1.000000
5.400000 1.000000
5.410000 1.000000
5.420000 1.000000
5.430000 1.000000
5.440000 1.000000
5.450000 1.000000
5.460000 1.000000
5.470000 1.000000
5.480000 1.000000
5.490000 1.000000
5.500000 1.000000
5.510000 1.000000
5.520000 1.000000
5.530000 1.000000
5.540000 1.000000
5.550000 1.000000
5.560000 1.000000
5.570000 1.000000
5.580000 1.000000
5.590000 1.000000
5.600000 1.000000
5.610000 1.000000
5.620000 1.000000
5.630000 1.000000
5.640000 1.000000
5.650000 1.000000
5.660000 1.000000
5.670000 1.000000
5.680000 1.000000
5.690000 1.000000
5.700000 1.000000
5.710000 1.000000
5.720000 1.000000
5.730000 1.000000
5.740000 1.000000
5.750000 1.000000
5.760000 1.000000
5.770000 1.000000
5.780000 1.000000
5.790000 1.000000
5.800000 1.000000
5.810000 1.000000
5.820000 1.000000
5.830000 1.000000
5.840000 1.000000
5.850000 1.000000
5.860000 1.000000
5.870000 1.000000
5.880000 1.000000
5.890000 1.000000
5.900000 1.000000
5.910000 1.000000
5.920000 1.000000
5.930000 1.000000
5.940000 1.000000
5.950000 1.000000
5.960000 1.000000
5.970000 1.000000
5.980000 1.000000
5.990000 1.000000
6.000000 1.000000
6.010000 1.000000
6.020000 1.000000
6.030000 1.000000
6.040000 1.000000
6.050000 1.000000
6.060000 1.000000
6.070000 1.000000
6.080000 1.000000
6.090000 1.000000
6.100000 1.000000
6.110000 1.000000
6.120000 1.000000
6.130000 1.000000
6.140000 1.000000
6.150000 1.000000
6.160000 1.000000
6.170000 1.000000
6.180000 1.000000
6.190000 1.000000
6.200000 1.000000
6.210000 1.000000
6.220000 1.000000
6.230000 1.000000
6.240000 1.000000
6.250000 1.000000
6.260000 1.000000
6.270000 1.000000
6.280000 1.000000
6.290000 1.000000
6.300000 1.000000
6.310000 1.000000
6.320000 1.000000
6.330000 1.000000
6.340000 1.000000
6.350000 1.000000
6.360000 1.000000
6.370000 1.000000
6.380000 1.000000
6.390000 1.000000
6.400000 1.000000
6.410000 1.000000
6.420000 1.000000
6.430000 1.000000
6.440000 1.000000
6.450000 1.000000
6.460000 1.000000
6.470000 1.000000
6.480000 1.000000
6.490000 1.000000
6.500000 1.000000
6.510000 1.000000
6.520000 1.000000
6.530000 1.000000
6.540000 1.000000
6.550000 1.000000
6.560000 1.000000
6.570000 1.000000
6.580000 1.000000
6.590000 1.000000
6.600000 1.000000
6.610000 1.000000
6.620000 1.000000
6.630000 1.000000
6.640000 1.000000
6.650000 1.000000
6.660000 1.000000
6.670000 1.000000
6.680000 1.000000
6.690000 1.000000
6.700000 1.000000
6.710000 1.000000
6.720000 1.000000
6.730000 1.000000
6.740000 1.000000
6.750000 1.000000
6.760000 1.000000
6.770000 1.000000
6.780000 1.000000
6.790000 1.000000
6.800000 1.000000
6.810000 1.000000
6.820000 1.000000
6.830000 1.000000
6.840000 1.000000
6.850000 1.000000
6.860000 1.000000
6.870000 1.000000
6.880000 1.000000
6.890000 1.000000
6.900000 1.000000
6.910000 1.000000
6.920000 1.000000
6.930000 1.000000
6.940000 1.000000
6.950000 1.000000
6.960000 1.000000
6.970000 1.000000
6.980000 1.000000
6.990000 1.000000
7.000000 1.000000
7.010000 1.000000
7.020000 1.000000
7.030000 1.000000
7.040000 1.000000
7.050000 1.000000
7.060000 1.000000
7.070000 1.000000
7.080000 1.000000
7.090000 1.000000
7.100000 1.000000
7.110000 1.000000
7.120000 1.000000
7.130000 1.000000
7.140000 1.000000
7.150000 1.000000
7.160000 1.000000
7.170000 1.000000
7.180000 1.000000
7.190000 1.000000
7.200000 1.000000
7.210000 1.000000
7.220000 1.000000
7.230000 1.000000
7.240000 1.000000
7.250000 1.000000
7.260000 1.000000
7.270000 1.000000
7.280000 1.000000
7.290000 1.000000
7.300000 1.000000
7.310000 1.000000
7.320000 1.000000
7.330000 1.000000
7.340000 1.000000
7.350000 1.000000
7.360000 1.000000
7.370000 1.000000
7.380000 1.000000
7.390000 1.000000
7.400000 1.000000
7.410000 1.000000
7.420000 1.000000
7.430000 1.000000
7.440000 1.000000
7.450000 1.000000
7.460000 1.000000
7.470000 1.000000
7.480000 1.000000
7.490000 1.000000
7.500000 1.000000
7.510000 1.000000
7.520000 1.000000
7.530000 1.000000
7.540000 1.000000
7.550000 1.000000
7.560000 1.000000
7.570000 1.000000
7.580000 1.000000
7.590000 1.000000
7.600000 1.000000
7.610000 1.000000
7.620000 1.000000
7.630000 1.000000
7.640000 1.000000
7.650000 1.000000
7.660000 1.000000
7.670000 1.000000
7.680000 1.000000
7.690000 1.000000
7.700000 1.000000
7.710000 1.000000
7.720000 1.000000
7.730000 1.000000
7.740000 1.000000
7.750000 1.000000
7.760000 1.000000
7.770000 1.000000
7.780000 1.000000
7.790000 1.000000
7.800000 1.000000
7.810000 1.000000
7.820000 1.000000
7.830000 1.000000
7.840000 1.000000
7.850000 1.000000
7.860000 1.000000
7.870000 1.000000
7.880000 1.000000
7.890000 1.000000
7.900000 1.000000
7.910000 1.000000
7.920000 1.000000
7.930000 1.000000
7.940000 1.000000
7.950000 1.000000
7.960000 1.000000
7.970000 1.000000
7.980000 1.000000
7.990000 1.000000
8.000000 1.000000
8.010000 1.000000
