5.50000000e-02 9.72528708e-01
1.10000000e-01 9.45169105e-01
1.65000000e-01 9.18002344e-01
2.20000000e-01 8.91109055e-01
2.75000000e-01 8.64569097e-01
3.30000000e-01 8.38461326e-01
3.85000000e-01 8.12863353e-01
4.40000000e-01 7.87851313e-01
4.95000000e-01 7.63499639e-01
5.50000000e-01 7.39880833e-01
6.05000000e-01 7.17065251e-01
6.60000000e-01 6.95120886e-01
7.15000000e-01 6.74113166e-01
7.70000000e-01 6.54104755e-01
8.25000000e-01 6.35155357e-01
8.80000000e-01 6.17321542e-01
9.35000000e-01 6.00656567e-01
9.90000000e-01 5.85210218e-01
1.04500000e+00 5.71028654e-01
1.10000000e+00 5.58154267e-01
1.15500000e+00 5.46625552e-01
1.21000000e+00 5.36476990e-01
1.26500000e+00 5.27738941e-01
1.32000000e+00 5.20437547e-01
1.37500000e+00 5.14594660e-01
1.43000000e+00 5.10227767e-01
1.48500000e+00 5.07349938e-01
1.54000000e+00 5.05969788e-01
1.59500000e+00 5.06091448e-01
1.65000000e+00 5.07714556e-01
1.70500000e+00 5.10834251e-01
1.76000000e+00 5.15441195e-01
1.81500000e+00 5.21521598e-01
1.87000000e+00 5.29057264e-01
1.92500000e+00 5.38025641e-01
1.98000000e+00 5.48399898e-01
2.03500000e+00 5.60148999e-01
2.09000000e+00 5.73237809e-01
2.14500000e+00 5.87627191e-01
2.20000000e+00 6.03274133e-01
2.25500000e+00 6.20131881e-01
2.31000000e+00 6.38150075e-01
2.36500000e+00 6.57274911e-01
2.42000000e+00 6.77449299e-01
2.47500000e+00 6.98613042e-01
2.53000000e+00 7.20703016e-01
2.58500000e+00 7.43653365e-01
2.64000000e+00 7.67395697e-01
2.69500000e+00 7.91859295e-01
2.75000000e+00 8.16971329e-01
2.80500000e+00 8.42657076e-01
2.86000000e+00 8.68840145e-01
2.91500000e+00 8.95442708e-01
2.97000000e+00 9.22385730e-01
3.02500000e+00 9.49589211e-01
3.08000000e+00 9.76972422e-01
3.13500000e+00 1.00445414e+00
3.19000000e+00 1.03195291e+00
3.24500000e+00 1.05938725e+00
3.30000000e+00 1.08667594e+00
3.35500000e+00 1.11373821e+00
3.41000000e+00 1.14049403e+00
3.46500000e+00 1.16686429e+00
3.52000000e+00 1.19277110e+00
3.57500000e+00 1.21813795e+00
3.63000000e+00 1.24288997e+00
3.68500000e+00 1.26695415e+00
3.74000000e+00 1.29025954e+00
3.79500000e+00 1.31273746e+00
3.85000000e+00 1.33432170e+00
3.90500000e+00 1.35494872e+00
3.96000000e+00 1.37455780e+00
4.01500000e+00 1.39309126e+00
4.07000000e+00 1.41049461e+00
4.12500000e+00 1.42671668e+00
4.18000000e+00 1.44170981e+00
4.23500000e+00 1.45542996e+00
4.29000000e+00 1.46783683e+00
4.34500000e+00 1.47889400e+00
4.40000000e+00 1.48856902e+00
4.45500000e+00 1.49683349e+00
4.51000000e+00 1.50366317e+00
4.56500000e+00 1.50903801e+00
4.62000000e+00 1.51294226e+00
4.67500000e+00 1.51536447e+00
4.73000000e+00 1.51629753e+00
4.78500000e+00 1.51573870e+00
4.84000000e+00 1.51368962e+00
4.89500000e+00 1.51015630e+00
4.95000000e+00 1.50514911e+00
5.00500000e+00 1.49868274e+00
5.06000000e+00 1.49077614e+00
5.11500000e+00 1.48145252e+00
5.17000000e+00 1.47073923e+00
5.22500000e+00 1.45866773e+00
5.28000000e+00 1.44527344e+00
5.33500000e+00 1.43059570e+00
5.39000000e+00 1.41467763e+00
5.44500000e+00 1.39756599e+00
5.50000000e+00 1.37931108e+00
5.55500000e+00 1.35996657e+00
5.61000000e+00 1.33958936e+00
5.66500000e+00 1.31823943e+00
5.72000000e+00 1.29597961e+00
5.77500000e+00 1.27287547e+00
5.83000000e+00 1.24899508e+00
5.88500000e+00 1.22440885e+00
5.94000000e+00 1.19918930e+00
5.99500000e+00 1.17341084e+00
6.05000000e+00 1.14714958e+00
6.10500000e+00 1.12048311e+00
6.16000000e+00 1.09349024e+00
6.21500000e+00 1.06625079e+00
6.27000000e+00 1.03884537e+00
6.32500000e+00 1.01135512e+00
6.38000000e+00 9.83861461e-01
6.43500000e+00 9.56445888e-01
6.49000000e+00 9.29189703e-01
6.54500000e+00 9.02173782e-01
6.60000000e+00 8.75478329e-01
6.65500000e+00 8.49182645e-01
6.71000000e+00 8.23364882e-01
6.76500000e+00 7.98101814e-01
6.82000000e+00 7.73468602e-01
6.87500000e+00 7.49538573e-01
6.93000000e+00 7.26382996e-01
6.98500000e+00 7.04070864e-01
7.04000000e+00 6.82668689e-01
7.09500000e+00 6.62240299e-01
7.15000000e+00 6.42846643e-01
7.20500000e+00 6.24545607e-01
7.26000000e+00 6.07391835e-01
7.31500000e+00 5.91436566e-01
7.37000000e+00 5.76727474e-01
7.42500000e+00 5.63308522e-01
7.48000000e+00 5.51219829e-01
7.53500000e+00 5.40497548e-01
7.59000000e+00 5.31173751e-01
7.64500000e+00 5.23276333e-01
7.70000000e+00 5.16828925e-01
7.75500000e+00 5.11850824e-01
7.81000000e+00 5.08356928e-01
7.86500000e+00 5.06357698e-01
7.92000000e+00 5.05859116e-01
7.97500000e+00 5.06862677e-01
8.03000000e+00 5.09365376e-01
8.08500000e+00 5.13359721e-01
8.14000000e+00 5.18833756e-01
8.19500000e+00 5.25771096e-01
8.25000000e+00 5.34150981e-01
8.30500000e+00 5.43948338e-01
8.36000000e+00 5.55133855e-01
8.41500000e+00 5.67674078e-01
8.47000000e+00 5.81531508e-01
8.52500000e+00 5.96664717e-01
8.58000000e+00 6.13028480e-01
8.63500000e+00 6.30573907e-01
8.69000000e+00 6.49248597e-01
8.74500000e+00 6.68996795e-01
8.80000000e+00 6.89759567e-01
8.85500000e+00 7.11474973e-01
8.91000000e+00 7.34078261e-01
8.96500000e+00 7.57502063e-01
9.02000000e+00 7.81676595e-01
9.07500000e+00 8.06529873e-01
9.13000000e+00 8.31987929e-01
9.18500000e+00 8.57975032e-01
9.24000000e+00 8.84413921e-01
9.29500000e+00 9.11226029e-01
9.35000000e+00 9.38331728e-01
9.40500000e+00 9.65650558e-01
9.46000000e+00 9.93101473e-01
9.51500000e+00 1.02060308e+00
9.57000000e+00 1.04807389e+00
9.62500000e+00 1.07543253e+00
9.68000000e+00 1.10259803e+00
9.73500000e+00 1.12949001e+00
9.79000000e+00 1.15602897e+00
9.84500000e+00 1.18213647e+00
9.90000000e+00 1.20773542e+00
9.95500000e+00 1.23275023e+00
1.00100000e+01 1.25710712e+00
1.00650000e+01 1.28073423e+00
1.01200000e+01 1.30356195e+00
1.01750000e+01 1.32552301e+00
1.02300000e+01 1.34655274e+00
1.02850000e+01 1.36658925e+00
1.03400000e+01 1.38557357e+00
1.03950000e+01 1.40344989e+00
1.04500000e+01 1.42016564e+00
1.05050000e+01 1.43567169e+00
1.05600000e+01 1.44992250e+00
1.06150000e+01 1.46287620e+00
1.06700000e+01 1.47449476e+00
1.07250000e+01 1.48474408e+00
1.07800000e+01 1.49359408e+00
1.08350000e+01 1.50101879e+00
1.08900000e+01 1.50699642e+00
1.09450000e+01 1.51150945e+00
1.10000000e+01 1.51454464e+00
1.10550000e+01 1.51609307e+00
1.11100000e+01 1.51615023e+00
1.11650000e+01 1.51471593e+00
1.12200000e+01 1.51179438e+00
1.12750000e+01 1.50739415e+00
1.13300000e+01 1.50152815e+00
1.13850000e+01 1.49421358e+00
1.14400000e+01 1.48547190e+00
1.14950000e+01 1.47532877e+00
1.15500000e+01 1.46381394e+00
1.16050000e+01 1.45096122e+00
1.16600000e+01 1.43680835e+00
1.17150000e+01 1.42139689e+00
1.17700000e+01 1.40477212e+00
1.18250000e+01 1.38698290e+00
1.18800000e+01 1.36808152e+00
1.19350000e+01 1.34812357e+00
1.19900000e+01 1.32716777e+00
1.20450000e+01 1.30527581e+00
1.21000000e+01 1.28251214e+00
1.21550000e+01 1.25894382e+00
1.22100000e+01 1.23464033e+00
1.22650000e+01 1.20967333e+00
1.23200000e+01 1.18411648e+00
1.23750000e+01 1.15804523e+00
1.24300000e+01 1.13153656e+00
1.24850000e+01 1.10466882e+00
1.25400000e+01 1.07752145e+00
1.25950000e+01 1.05017474e+00
1.26500000e+01 1.02270966e+00
1.27050000e+01 9.95207526e-01
1.27600000e+01 9.67749845e-01
1.28150000e+01 9.40418024e-01
1.28700000e+01 9.13293143e-01
1.29250000e+01 8.86455715e-01
1.29800000e+01 8.59985442e-01
1.30350000e+01 8.33960978e-01
1.30900000e+01 8.08459694e-01
1.31450000e+01 7.83557446e-01
1.32000000e+01 7.59328344e-01
1.32550000e+01 7.35844534e-01
1.33100000e+01 7.13175974e-01
1.33650000e+01 6.91390226e-01
1.34200000e+01 6.70552248e-01
1.34750000e+01 6.50724203e-01
1.35300000e+01 6.31965262e-01
1.35850000e+01 6.14331429e-01
1.36400000e+01 5.97875367e-01
1.36950000e+01 5.82646242e-01
1.37500000e+01 5.68689565e-01
1.38050000e+01 5.56047058e-01
1.38600000e+01 5.44756525e-01
1.39150000e+01 5.34851736e-01
1.39700000e+01 5.26362322e-01
1.40250000e+01 5.19313683e-01
1.40800000e+01 5.13726914e-01
1.41350000e+01 5.09618735e-01
1.41900000e+01 5.07001444e-01
1.42450000e+01 5.05882876e-01
1.43000000e+01 5.06266378e-01
1.43550000e+01 5.08150804e-01
1.44100000e+01 5.11530511e-01
1.44650000e+01 5.16395383e-01
1.45200000e+01 5.22730859e-01
1.45750000e+01 5.30517978e-01
1.46300000e+01 5.39733438e-01
1.46850000e+01 5.50349667e-01
1.47400000e+01 5.62334910e-01
1.47950000e+01 5.75653325e-01
1.48500000e+01 5.90265091e-01
1.49050000e+01 6.06126534e-01
1.49600000e+01 6.23190260e-01
1.50150000e+01 6.41405299e-01
1.50700000e+01 6.60717260e-01
1.51250000e+01 6.81068500e-01
1.51800000e+01 7.02398299e-01
1.52350000e+01 7.24643042e-01
1.52900000e+01 7.47736415e-01
1.53450000e+01 7.71609609e-01
1.54000000e+01 7.96191521e-01
1.54550000e+01 8.21408975e-01
1.55100000e+01 8.47186941e-01
1.55650000e+01 8.73448761e-01
1.56200000e+01 9.00116380e-01
1.56750000e+01 9.27110579e-01
1.57300000e+01 9.54351211e-01
1.57850000e+01 9.81757446e-01
1.58400000e+01 1.00924800e+00
1.58950000e+01 1.03674140e+00
1.59500000e+01 1.06415619e+00
1.60050000e+01 1.09141121e+00
1.60600000e+01 1.11842581e+00
1.61150000e+01 1.14512008e+00
1.61700000e+01 1.17141514e+00
1.62250000e+01 1.19723330e+00
1.62800000e+01 1.22249833e+00
1.63350000e+01 1.24713567e+00
1.63900000e+01 1.27107264e+00
1.64450000e+01 1.29423869e+00
1.65000000e+01 1.31656554e+00
1.65550000e+01 1.33798744e+00
1.66100000e+01 1.35844132e+00
1.66650000e+01 1.37786699e+00
1.67200000e+01 1.39620731e+00
1.67750000e+01 1.41340836e+00
1.68300000e+01 1.42941957e+00
1.68850000e+01 1.44419390e+00
1.69400000e+01 1.45768795e+00
1.69950000e+01 1.46986209e+00
1.70500000e+01 1.48068058e+00
1.71050000e+01 1.49011168e+00
1.71600000e+01 1.49812771e+00
1.72150000e+01 1.50470514e+00
1.72700000e+01 1.50982469e+00
1.73250000e+01 1.51347134e+00
1.73800000e+01 1.51563438e+00
1.74350000e+01 1.51630749e+00
1.74900000e+01 1.51548868e+00
1.75450000e+01 1.51318036e+00
1.76000000e+01 1.50938929e+00
1.76550000e+01 1.50412660e+00
1.77100000e+01 1.49740772e+00
1.77650000e+01 1.48925236e+00
1.78200000e+01 1.47968445e+00
1.78750000e+01 1.46873206e+00
1.79300000e+01 1.45642735e+00
1.79850000e+01 1.44280643e+00
1.80400000e+01 1.42790931e+00
1.80950000e+01 1.41177974e+00
1.81500000e+01 1.39446512e+00
1.82050000e+01 1.37601634e+00
1.82600000e+01 1.35648766e+00
1.83150000e+01 1.33593652e+00
1.83700000e+01 1.31442340e+00
1.84250000e+01 1.29201163e+00
1.84800000e+01 1.26876723e+00
1.85350000e+01 1.24475869e+00
1.85900000e+01 1.22005681e+00
1.86450000e+01 1.19473443e+00
1.87000000e+01 1.16886631e+00
1.87550000e+01 1.14252880e+00
1.88100000e+01 1.11579974e+00
1.88650000e+01 1.08875812e+00
1.89200000e+01 1.06148393e+00
1.89750000e+01 1.03405788e+00
1.90300000e+01 1.00656117e+00
1.90850000e+01 9.79075258e-01
1.91400000e+01 9.51681623e-01
1.91950000e+01 9.24461510e-01
1.92500000e+01 8.97495694e-01
1.93050000e+01 8.70864241e-01
1.93600000e+01 8.44646267e-01
1.94150000e+01 8.18919700e-01
1.94700000e+01 7.93761050e-01
1.95250000e+01 7.69245175e-01
1.95800000e+01 7.45445060e-01
1.96350000e+01 7.22431590e-01
1.96900000e+01 7.00273342e-01
1.97450000e+01 6.79036375e-01
1.98000000e+01 6.58784028e-01
1.98550000e+01 6.39576730e-01
1.99100000e+01 6.21471813e-01
1.99650000e+01 6.04523341e-01
2.00200000e+01 5.88781942e-01
2.00750000e+01 5.74294653e-01
2.01300000e+01 5.61104776e-01
2.01850000e+01 5.49251750e-01
2.02400000e+01 5.38771020e-01
2.02950000e+01 5.29693940e-01
2.03500000e+01 5.22047666e-01
2.04050000e+01 5.15855080e-01
2.04600000e+01 5.11134715e-01
2.05150000e+01 5.07900700e-01
2.05700000e+01 5.06162715e-01
2.06250000e+01 5.05925963e-01
2.06800000e+01 5.07191153e-01
2.07350000e+01 5.09954498e-01
2.07900000e+01 5.14207725e-01
2.08450000e+01 5.19938104e-01
2.09000000e+01 5.27128483e-01
2.09550000e+01 5.35757346e-01
2.10100000e+01 5.45798874e-01
2.10650000e+01 5.57223027e-01
2.11200000e+01 5.69995638e-01
2.11750000e+01 5.84078514e-01
2.12300000e+01 5.99429558e-01
2.12850000e+01 6.16002893e-01
2.13400000e+01 6.33749008e-01
2.13950000e+01 6.52614904e-01
2.14500000e+01 6.72544262e-01
2.15050000e+01 6.93477607e-01
2.15600000e+01 7.15352499e-01
2.16150000e+01 7.38103714e-01
2.16700000e+01 7.61663448e-01
2.17250000e+01 7.85961518e-01
2.17800000e+01 8.10925578e-01
2.18350000e+01 8.36481338e-01
2.18900000e+01 8.62552783e-01
2.19450000e+01 8.89062407e-01
2.20000000e+01 9.15931442e-01
2.20550000e+01 9.43080097e-01
2.21100000e+01 9.70427793e-01
2.21650000e+01 9.97893407e-01
2.22200000e+01 1.02539551e+00
2.22750000e+01 1.05285261e+00
2.23300000e+01 1.08018341e+00
2.23850000e+01 1.10730699e+00
2.24400000e+01 1.13414314e+00
2.24950000e+01 1.16061251e+00
2.25500000e+01 1.18663689e+00
2.26050000e+01 1.21213941e+00
2.26600000e+01 1.23704482e+00
2.27150000e+01 1.26127962e+00
2.27700000e+01 1.28477235e+00
2.28250000e+01 1.30745379e+00
2.28800000e+01 1.32925710e+00
2.29350000e+01 1.35011810e+00
2.29900000e+01 1.36997537e+00
2.30450000e+01 1.38877051e+00
2.31000000e+01 1.40644824e+00
2.31550000e+01 1.42295658e+00
2.32100000e+01 1.43824703e+00
2.32650000e+01 1.45227467e+00
2.33200000e+01 1.46499830e+00
2.33750000e+01 1.47638056e+00
2.34300000e+01 1.48638804e+00
2.34850000e+01 1.49499137e+00
2.35400000e+01 1.50216532e+00
2.35950000e+01 1.50788882e+00
2.36500000e+01 1.51214511e+00
2.37050000e+01 1.51492168e+00
2.37600000e+01 1.51621041e+00
2.38150000e+01 1.51600750e+00
2.38700000e+01 1.51431356e+00
2.39250000e+01 1.51113355e+00
2.39800000e+01 1.50647680e+00
2.40350000e+01 1.50035697e+00
2.40900000e+01 1.49279201e+00
2.41450000e+01 1.48380410e+00
2.42000000e+01 1.47341964e+00
2.42550000e+01 1.46166908e+00
2.43100000e+01 1.44858694e+00
2.43650000e+01 1.43421161e+00
2.44200000e+01 1.41858532e+00
2.44750000e+01 1.40175398e+00
2.45300000e+01 1.38376706e+00
2.45850000e+01 1.36467744e+00
2.46400000e+01 1.34454127e+00
2.46950000e+01 1.32341778e+00
2.47500000e+01 1.30136917e+00
2.48050000e+01 1.27846036e+00
2.48600000e+01 1.25475885e+00
2.49150000e+01 1.23033450e+00
2.49700000e+01 1.20525934e+00
2.50250000e+01 1.17960736e+00
2.50800000e+01 1.15345429e+00
2.51350000e+01 1.12687737e+00
2.51900000e+01 1.09995515e+00
2.52450000e+01 1.07276723e+00
2.53000000e+01 1.04539406e+00
2.53550000e+01 1.01791665e+00
2.54100000e+01 9.90416402e-01
2.54650000e+01 9.62974805e-01
2.55200000e+01 9.35673230e-01
2.55750000e+01 9.08592677e-01
2.56300000e+01 8.81813532e-01
2.56850000e+01 8.55415332e-01
2.57400000e+01 8.29476526e-01
2.57950000e+01 8.04074236e-01
2.58500000e+01 7.79284031e-01
2.59050000e+01 7.55179695e-01
2.59600000e+01 7.31833007e-01
2.60150000e+01 7.09313522e-01
2.60700000e+01 6.87688363e-01
2.61250000e+01 6.67022017e-01
2.61800000e+01 6.47376136e-01
2.62350000e+01 6.28809353e-01
2.62900000e+01 6.11377102e-01
2.63450000e+01 5.95131448e-01
2.64000000e+01 5.80120929e-01
2.64550000e+01 5.66390406e-01
2.65100000e+01 5.53980928e-01
2.65650000e+01 5.42929604e-01
2.66200000e+01 5.33269488e-01
2.66750000e+01 5.25029480e-01
2.67300000e+01 5.18234237e-01
2.67850000e+01 5.12904094e-01
2.68400000e+01 5.09055004e-01
2.68950000e+01 5.06698490e-01
2.69500000e+01 5.05841605e-01
2.70050000e+01 5.06486914e-01
2.70600000e+01 5.08632486e-01
2.71150000e+01 5.12271898e-01
2.71700000e+01 5.17394255e-01
2.72250000e+01 5.23984227e-01
2.72800000e+01 5.32022091e-01
2.73350000e+01 5.41483796e-01
2.73900000e+01 5.52341034e-01
2.74450000e+01 5.64561330e-01
2.75000000e+01 5.78108139e-01
2.75550000e+01 5.92940962e-01
2.76100000e+01 6.09015466e-01
2.76650000e+01 6.26283622e-01
2.77200000e+01 6.44693851e-01
2.77750000e+01 6.64191187e-01
2.78300000e+01 6.84717434e-01
2.78850000e+01 7.06211356e-01
2.79400000e+01 7.28608852e-01
2.79950000e+01 7.51843161e-01
2.80500000e+01 7.75845055e-01
2.81050000e+01 8.00543057e-01
2.81600000e+01 8.25863651e-01
2.82150000e+01 8.51731507e-01
2.82700000e+01 8.78069707e-01
2.83250000e+01 9.04799976e-01
2.83800000e+01 9.31842915e-01
2.84350000e+01 9.59118243e-01
2.84900000e+01 9.86545032e-01
2.85450000e+01 1.01404195e+00
2.86000000e+01 1.04152750e+00
2.86550000e+01 1.06892028e+00
2.87100000e+01 1.09613918e+00
2.87650000e+01 1.12310367e+00
2.88200000e+01 1.14973401e+00
2.88750000e+01 1.17595150e+00
2.89300000e+01 1.20167870e+00
2.89850000e+01 1.22683964e+00
2.90400000e+01 1.25136008e+00
2.90950000e+01 1.27516771e+00
2.91500000e+01 1.29819233e+00
2.92050000e+01 1.32036612e+00
2.92600000e+01 1.34162376e+00
2.93150000e+01 1.36190268e+00
2.93700000e+01 1.38114321e+00
2.94250000e+01 1.39928875e+00
2.94800000e+01 1.41628596e+00
2.95350000e+01 1.43208488e+00
2.95900000e+01 1.44663908e+00
2.96450000e+01 1.45990583e+00
2.97000000e+01 1.47184615e+00
2.97550000e+01 1.48242501e+00
2.98100000e+01 1.49161135e+00
2.98650000e+01 1.49937821e+00
2.99200000e+01 1.50570282e+00
2.99750000e+01 1.51056661e+00
3.00300000e+01 1.51395533e+00
3.00850000e+01 1.51585903e+00
3.01400000e+01 1.51627212e+00
3.01950000e+01 1.51519341e+00
3.02500000e+01 1.51262605e+00
3.03050000e+01 1.50857757e+00
3.03600000e+01 1.50305985e+00
3.04150000e+01 1.49608906e+00
3.04700000e+01 1.48768567e+00
3.05250000e+01 1.47787432e+00
3.05800000e+01 1.46668381e+00
3.06350000e+01 1.45414698e+00
3.06900000e+01 1.44030064e+00
3.07450000e+01 1.42518546e+00
3.08000000e+01 1.40884584e+00
3.08550000e+01 1.39132979e+00
3.09100000e+01 1.37268880e+00
3.09650000e+01 1.35297769e+00
3.10200000e+01 1.33225445e+00
3.10750000e+01 1.31058006e+00
3.11300000e+01 1.28801835e+00
3.11850000e+01 1.26463578e+00
3.12400000e+01 1.24050124e+00
3.12950000e+01 1.21568591e+00
3.13500000e+01 1.19026299e+00
3.14050000e+01 1.16430751e+00
3.14600000e+01 1.13789613e+00
3.15150000e+01 1.11110688e+00
3.15700000e+01 1.08401894e+00
3.16250000e+01 1.05671246e+00
3.16800000e+01 1.02926824e+00
3.17350000e+01 1.00176754e+00
3.17900000e+01 9.74291858e-01
3.18450000e+01 9.46922631e-01
3.19000000e+01 9.19741044e-01
3.19550000e+01 8.92827766e-01
3.20100000e+01 8.66262716e-01
3.20650000e+01 8.40124819e-01
3.21200000e+01 8.14491773e-01
3.21750000e+01 7.89439816e-01
3.22300000e+01 7.65043497e-01
3.22850000e+01 7.41375448e-01
3.23400000e+01 7.18506169e-01
3.23950000e+01 6.96503813e-01
3.24500000e+01 6.75433978e-01
3.25050000e+01 6.55359510e-01
3.25600000e+01 6.36340312e-01
3.26150000e+01 6.18433158e-01
3.26700000e+01 6.01691524e-01
3.27250000e+01 5.86165424e-01
3.27800000e+01 5.71901253e-01
3.28350000e+01 5.58941651e-01
3.28900000e+01 5.47325366e-01
3.29450000e+01 5.37087142e-01
3.30000000e+01 5.28257604e-01
3.30550000e+01 5.20863170e-01
3.31100000e+01 5.14925969e-01
3.31650000e+01 5.10463769e-01
3.32200000e+01 5.07489928e-01
3.32750000e+01 5.06013346e-01
3.33300000e+01 5.06038445e-01
3.33850000e+01 5.07565150e-01
3.34400000e+01 5.10588889e-01
3.34950000e+01 5.15100612e-01
3.35500000e+01 5.21086813e-01
3.36050000e+01 5.28529578e-01
3.36600000e+01 5.37406634e-01
3.37150000e+01 5.47691420e-01
3.37700000e+01 5.59353171e-01
3.38250000e+01 5.72357009e-01
3.38800000e+01 5.86664053e-01
3.39350000e+01 6.02231537e-01
3.39900000e+01 6.19012940e-01
3.40450000e+01 6.36958132e-01
3.41000000e+01 6.56013525e-01
3.41550000e+01 6.76122234e-01
3.42100000e+01 6.97224257e-01
3.42650000e+01 7.19256653e-01
3.43200000e+01 7.42153734e-01
3.43750000e+01 7.65847267e-01
3.44300000e+01 7.90266677e-01
3.44850000e+01 8.15339263e-01
3.45400000e+01 8.40990417e-01
3.45950000e+01 8.67143848e-01
3.46500000e+01 8.93721814e-01
3.47050000e+01 9.20645351e-01
3.47600000e+01 9.47834514e-01
3.48150000e+01 9.75208611e-01
3.48700000e+01 1.00268645e+00
3.49250000e+01 1.03018657e+00
3.49800000e+01 1.05762750e+00
3.50350000e+01 1.08492799e+00
3.50900000e+01 1.11200723e+00
3.51450000e+01 1.13878513e+00
3.52000000e+01 1.16518253e+00
3.52550000e+01 1.19112144e+00
3.53100000e+01 1.21652527e+00
3.53650000e+01 1.24131902e+00
3.54200000e+01 1.26542957e+00
3.54750000e+01 1.28878582e+00
3.55300000e+01 1.31131894e+00
3.55850000e+01 1.33296256e+00
3.56400000e+01 1.35365296e+00
3.56950000e+01 1.37332923e+00
3.57500000e+01 1.39193350e+00
3.58050000e+01 1.40941105e+00
3.58600000e+01 1.42571052e+00
3.59150000e+01 1.44078400e+00
3.59700000e+01 1.45458722e+00
3.60250000e+01 1.46707964e+00
3.60800000e+01 1.47822458e+00
3.61350000e+01 1.48798933e+00
3.61900000e+01 1.49634523e+00
3.62450000e+01 1.50326777e+00
3.63000000e+01 1.50873664e+00
3.63550000e+01 1.51273580e+00
3.64100000e+01 1.51525352e+00
3.64650000e+01 1.51628242e+00
3.65200000e+01 1.51581947e+00
3.65750000e+01 1.51386604e+00
3.66300000e+01 1.51042786e+00
3.66850000e+01 1.50551500e+00
3.67400000e+01 1.49914188e+00
3.67950000e+01 1.49132720e+00
3.68500000e+01 1.48209387e+00
3.69050000e+01 1.47146900e+00
3.69600000e+01 1.45948377e+00
3.70150000e+01 1.44617336e+00
3.70700000e+01 1.43157686e+00
3.71250000e+01 1.41573713e+00
3.71800000e+01 1.39870073e+00
3.72350000e+01 1.38051772e+00
3.72900000e+01 1.36124156e+00
3.73450000e+01 1.34092896e+00
3.74000000e+01 1.31963968e+00
3.74550000e+01 1.29743640e+00
3.75100000e+01 1.27438450e+00
3.75650000e+01 1.25055192e+00
3.76200000e+01 1.22600890e+00
3.76750000e+01 1.20082783e+00
3.77300000e+01 1.17508301e+00
3.77850000e+01 1.14885047e+00
3.78400000e+01 1.12220768e+00
3.78950000e+01 1.09523340e+00
3.79500000e+01 1.06800738e+00
3.80050000e+01 1.04061020e+00
3.80600000e+01 1.01312295e+00
3.81150000e+01 9.85627060e-01
3.81700000e+01 9.58204020e-01
3.82250000e+01 9.30935153e-01
3.82800000e+01 9.03901368e-01
3.83350000e+01 8.77182923e-01
3.83900000e+01 8.50859181e-01
3.84450000e+01 8.25008376e-01
3.85000000e+01 7.99707377e-01
3.85550000e+01 7.75031457e-01
3.86100000e+01 7.51054066e-01
3.86650000e+01 7.27846613e-01
3.87200000e+01 7.05478243e-01
3.87750000e+01 6.84015634e-01
3.88300000e+01 6.63522791e-01
3.88850000e+01 6.44060856e-01
3.89400000e+01 6.25687916e-01
3.89950000e+01 6.08458829e-01
3.90500000e+01 5.92425057e-01
3.91050000e+01 5.77634508e-01
3.91600000e+01 5.64131387e-01
3.92150000e+01 5.51956066e-01
3.92700000e+01 5.41144954e-01
3.93250000e+01 5.31730389e-01
3.93800000e+01 5.23740538e-01
3.94350000e+01 5.17199308e-01
3.94900000e+01 5.12126275e-01
3.95450000e+01 5.08536625e-01
3.96000000e+01 5.06441101e-01
3.96550000e+01 5.05845977e-01
3.97100000e+01 5.06753034e-01
3.97650000e+01 5.09159558e-01
3.98200000e+01 5.13058343e-01
3.98750000e+01 5.18437720e-01
3.99300000e+01 5.25281589e-01
3.99850000e+01 5.33569467e-01
4.00400000e+01 5.43276557e-01
4.00950000e+01 5.54373816e-01
4.01500000e+01 5.66828055e-01
4.02050000e+01 5.80602029e-01
4.02600000e+01 5.95654562e-01
4.03150000e+01 6.11940666e-01
4.03700000e+01 6.29411684e-01
4.04250000e+01 6.48015436e-01
4.04800000e+01 6.67696377e-01
4.05350000e+01 6.88395771e-01
4.05900000e+01 7.10051868e-01
4.06450000e+01 7.32600089e-01
4.07000000e+01 7.55973229e-01
4.07550000e+01 7.80101652e-01
4.08100000e+01 8.04913510e-01
4.08650000e+01 8.30334956e-01
4.09200000e+01 8.56290365e-01
4.09750000e+01 8.82702566e-01
4.10300000e+01 9.09493072e-01
4.10850000e+01 9.36582313e-01
4.11400000e+01 9.63889877e-01
4.11950000e+01 9.91334748e-01
4.12500000e+01 1.01883555e+00
4.13050000e+01 1.04631079e+00
4.13600000e+01 1.07367908e+00
4.14150000e+01 1.10085941e+00
4.14700000e+01 1.12777138e+00
4.15250000e+01 1.15433540e+00
4.15800000e+01 1.18047297e+00
4.16350000e+01 1.20610689e+00
4.16900000e+01 1.23116149e+00
4.17450000e+01 1.25556284e+00
4.18000000e+01 1.27923898e+00
4.18550000e+01 1.30212012e+00
4.19100000e+01 1.32413886e+00
4.19650000e+01 1.34523034e+00
4.20200000e+01 1.36533249e+00
4.20750000e+01 1.38438615e+00
4.21300000e+01 1.40233530e+00
4.21850000e+01 1.41912715e+00
4.22400000e+01 1.43471237e+00
4.22950000e+01 1.44904515e+00
4.23500000e+01 1.46208340e+00
4.24050000e+01 1.47378885e+00
4.24600000e+01 1.48412712e+00
4.25150000e+01 1.49306788e+00
4.25700000e+01 1.50058490e+00
4.26250000e+01 1.50665611e+00
4.26800000e+01 1.51126372e+00
4.27350000e+01 1.51439420e+00
4.27900000e+01 1.51603838e+00
4.28450000e+01 1.51619143e+00
4.29000000e+01 1.51485291e+00
4.29550000e+01 1.51202674e+00
4.30100000e+01 1.50772120e+00
4.30650000e+01 1.50194894e+00
4.31200000e+01 1.49472687e+00
4.31750000e+01 1.48607619e+00
4.32300000e+01 1.47602228e+00
4.32850000e+01 1.46459464e+00
4.33400000e+01 1.45182682e+00
4.33950000e+01 1.43775630e+00
4.34500000e+01 1.42242441e+00
4.35050000e+01 1.40587619e+00
4.35600000e+01 1.38816028e+00
4.36150000e+01 1.36932874e+00
4.36700000e+01 1.34943697e+00
4.37250000e+01 1.32854348e+00
4.37800000e+01 1.30670977e+00
4.38350000e+01 1.28400014e+00
4.38900000e+01 1.26048147e+00
4.39450000e+01 1.23622310e+00
4.40000000e+01 1.21129655e+00
4.40550000e+01 1.18577536e+00
4.41100000e+01 1.15973487e+00
4.41650000e+01 1.13325198e+00
4.42200000e+01 1.10640494e+00
4.42750000e+01 1.07927313e+00
4.43300000e+01 1.05193680e+00
4.43850000e+01 1.02447688e+00
4.44400000e+01 9.96974681e-01
4.44950000e+01 9.69511693e-01
4.45500000e+01 9.42169339e-01
4.46050000e+01 9.15028729e-01
4.46600000e+01 8.88170419e-01
4.47150000e+01 8.61674170e-01
4.47700000e+01 8.35618711e-01
4.48250000e+01 8.10081502e-01
4.48800000e+01 7.85138504e-01
4.49350000e+01 7.60863946e-01
4.49900000e+01 7.37330106e-01
4.50450000e+01 7.14607090e-01
4.51000000e+01 6.92762618e-01
4.51550000e+01 6.71861825e-01
4.52100000e+01 6.51967057e-01
4.52650000e+01 6.33137683e-01
4.53200000e+01 6.15429916e-01
4.53750000e+01 5.98896640e-01
4.54300000e+01 5.83587249e-01
4.54850000e+01 5.69547492e-01
4.55400000e+01 5.56819342e-01
4.55950000e+01 5.45440855e-01
4.56500000e+01 5.35446066e-01
4.57050000e+01 5.26864872e-01
4.57600000e+01 5.19722951e-01
4.58150000e+01 5.14041675e-01
4.58700000e+01 5.09838047e-01
4.59250000e+01 5.07124650e-01
4.59800000e+01 5.05909606e-01
4.60350000e+01 5.06196554e-01
4.60900000e+01 5.07984633e-01
4.61450000e+01 5.11268492e-01
4.62000000e+01 5.16038300e-01
4.62550000e+01 5.22279780e-01
4.63100000e+01 5.29974254e-01
4.63650000e+01 5.39098695e-01
4.64200000e+01 5.49625805e-01
4.64750000e+01 5.61524094e-01
4.65300000e+01 5.74757978e-01
4.65850000e+01 5.89287891e-01
4.66400000e+01 6.05070401e-01
4.66950000e+01 6.22058349e-01
4.67500000e+01 6.40200990e-01
4.68050000e+01 6.59444150e-01
4.68600000e+01 6.79730387e-01
4.69150000e+01 7.00999175e-01
4.69700000e+01 7.23187079e-01
4.70250000e+01 7.46227954e-01
4.70800000e+01 7.70053142e-01
4.71350000e+01 7.94591682e-01
4.71900000e+01 8.19770526e-01
4.72450000e+01 8.45514756e-01
4.73000000e+01 8.71747812e-01
4.73550000e+01 8.98391721e-01
4.74100000e+01 9.25367331e-01
4.74650000e+01 9.52594550e-01
4.75200000e+01 9.79992582e-01
4.75750000e+01 1.00748017e+00
4.76300000e+01 1.03497584e+00
4.76850000e+01 1.06239812e+00
4.77400000e+01 1.08966584e+00
4.77950000e+01 1.11669830e+00
4.78500000e+01 1.14341556e+00
4.79050000e+01 1.16973862e+00
4.79600000e+01 1.19558974e+00
4.80150000e+01 1.22089258e+00
4.80700000e+01 1.24557247e+00
4.81250000e+01 1.26955660e+00
4.81800000e+01 1.29277428e+00
4.82350000e+01 1.31515707e+00
4.82900000e+01 1.33663906e+00
4.83450000e+01 1.35715700e+00
4.84000000e+01 1.37665051e+00
4.84550000e+01 1.39506225e+00
4.85100000e+01 1.41233807e+00
4.85650000e+01 1.42842721e+00
4.86200000e+01 1.44328238e+00
4.86750000e+01 1.45685995e+00
4.87300000e+01 1.46912004e+00
4.87850000e+01 1.48002666e+00
4.88400000e+01 1.48954781e+00
4.88950000e+01 1.49765554e+00
4.89500000e+01 1.50432606e+00
4.90050000e+01 1.50953981e+00
4.90600000e+01 1.51328149e+00
4.91150000e+01 1.51554013e+00
4.91700000e+01 1.51630910e+00
4.92250000e+01 1.51558615e+00
4.92800000e+01 1.51337341e+00
4.93350000e+01 1.50967736e+00
4.93900000e+01 1.50450883e+00
4.94450000e+01 1.49788299e+00
4.95000000e+01 1.48981929e+00
4.95550000e+01 1.48034136e+00
4.96100000e+01 1.46947703e+00
4.96650000e+01 1.45725819e+00
4.97200000e+01 1.44372070e+00
4.97750000e+01 1.42890433e+00
4.98300000e+01 1.41285258e+00
4.98850000e+01 1.39561264e+00
4.99400000e+01 1.37723516e+00
4.99950000e+01 1.35777419e+00
5.00500000e+01 1.33728698e+00
5.01050000e+01 1.31583381e+00
5.01600000e+01 1.29347784e+00
5.02150000e+01 1.27028492e+00
5.02700000e+01 1.24632340e+00
5.03250000e+01 1.22166390e+00
5.03800000e+01 1.19637918e+00
5.04350000e+01 1.17054385e+00
5.04900000e+01 1.14423419e+00
5.05450000e+01 1.11752792e+00
5.06000000e+01 1.09050400e+00
5.06550000e+01 1.06324234e+00
5.07100000e+01 1.03582361e+00
5.07650000e+01 1.00832899e+00
5.08200000e+01 9.80839931e-01
5.08750000e+01 9.53437919e-01
5.09300000e+01 9.26204218e-01
5.09850000e+01 8.99219641e-01
5.10400000e+01 8.72564307e-01
5.10950000e+01 8.46317399e-01
5.11500000e+01 8.20556931e-01
5.12050000e+01 7.95359510e-01
5.12600000e+01 7.70800106e-01
5.13150000e+01 7.46951832e-01
5.13700000e+01 7.23885714e-01
5.14250000e+01 7.01670485e-01
5.14800000e+01 6.80372370e-01
5.15350000e+01 6.60054890e-01
5.15900000e+01 6.40778666e-01
5.16450000e+01 6.22601235e-01
5.17000000e+01 6.05576876e-01
5.17550000e+01 5.89756442e-01
5.18100000e+01 5.75187205e-01
5.18650000e+01 5.61912713e-01
5.19200000e+01 5.49972655e-01
5.19750000e+01 5.39402738e-01
5.20300000e+01 5.30234580e-01
5.20850000e+01 5.22495611e-01
5.21400000e+01 5.16208989e-01
5.21950000e+01 5.11393529e-01
5.22500000e+01 5.08063644e-01
5.23050000e+01 5.06229301e-01
5.23600000e+01 5.05895993e-01
5.24150000e+01 5.07064716e-01
5.24700000e+01 5.09731972e-01
5.25250000e+01 5.13889776e-01
5.25800000e+01 5.19525684e-01
5.26350000e+01 5.26622827e-01
5.26900000e+01 5.35159966e-01
5.27450000e+01 5.45111558e-01
5.28000000e+01 5.56447831e-01
5.28550000e+01 5.69134879e-01
5.29100000e+01 5.83134767e-01
5.29650000e+01 5.98405643e-01
5.30200000e+01 6.14901870e-01
5.30750000e+01 6.32574165e-01
5.31300000e+01 6.51369750e-01
5.31850000e+01 6.71232512e-01
5.32400000e+01 6.92103177e-01
5.32950000e+01 7.13919486e-01
5.33500000e+01 7.36616391e-01
5.34050000e+01 7.60126246e-01
5.34600000e+01 7.84379015e-01
5.35150000e+01 8.09302486e-01
5.35700000e+01 8.34822485e-01
5.36250000e+01 8.60863102e-01
5.36800000e+01 8.87346919e-01
5.37350000e+01 9.14195245e-01
5.37900000e+01 9.41328344e-01
5.38450000e+01 9.68665682e-01
5.39000000e+01 9.96126165e-01
5.39550000e+01 1.02362837e+00
5.40100000e+01 1.05109082e+00
5.40650000e+01 1.07843217e+00
5.41200000e+01 1.10557149e+00
5.41750000e+01 1.13242851e+00
5.42300000e+01 1.15892382e+00
5.42850000e+01 1.18497913e+00
5.43400000e+01 1.21051748e+00
5.43950000e+01 1.23546349e+00
5.44500000e+01 1.25974356e+00
5.45050000e+01 1.28328610e+00
5.45600000e+01 1.30602171e+00
5.46150000e+01 1.32788342e+00
5.46700000e+01 1.34880686e+00
5.47250000e+01 1.36873044e+00
5.47800000e+01 1.38759554e+00
5.48350000e+01 1.40534668e+00
5.48900000e+01 1.42193168e+00
5.49450000e+01 1.43730180e+00
5.50000000e+01 1.45141188e+00
