0 0 0
0.15625 0.133648 0.133648
0.3125 0.22863 0.22863
0.46875 0.293336 0.293336
0.625 0.334538 0.334538
0.78125 0.357682 0.357682
0.9375 0.36713 0.36713
1.09375 0.36636 0.36636
1.25 0.358131 0.358131
1.40625 0.344616 0.344616
1.5625 0.327518 0.327518
1.71875 0.308155 0.308155
1.875 0.28754 0.287541
2.03125 0.266442 0.266442
2.1875 0.24543 0.245431
2.34375 0.224923 0.224923
2.5 0.205212 0.205212
2.65625 0.186497 0.186498
2.8125 0.168903 0.168904
2.96875 0.152496 0.152497
3.125 0.137302 0.137303
3.28125 0.123312 0.123313
3.4375 0.110497 0.110498
3.59375 0.0988084 0.0988103
3.75 0.0881891 0.0881915
3.90625 0.0785746 0.0785773
4.0625 0.0698961 0.0698992
4.21875 0.0620837 0.0620875
4.375 0.0550688 0.0550731
4.53125 0.0487841 0.0487889
4.6875 0.0431649 0.0431704
4.84375 0.0381501 0.0381564
5 0.0336827 0.0336897
5.15625 0.0297089 0.0297169
5.3125 0.0261794 0.0261884
5.46875 0.0230488 0.023059
5.625 0.0202755 0.0202869
5.78125 0.0178214 0.0178343
5.9375 0.0156521 0.0156668
6.09375 0.0137367 0.0137532
6.25 0.0120467 0.0120653
6.40625 0.0105569 0.010578
6.5625 0.00924459 0.00926855
6.71875 0.00808942 0.00811657
6.875 0.00707309 0.00710392
7.03125 0.00617931 0.0062144
7.1875 0.0053937 0.00543358
7.34375 0.00470325 0.00474862
7.5 0.00409642 0.00414813
7.65625 0.003563 0.003622
7.8125 0.00309401 0.00316129
7.96875 0.00268128 0.00275807
8.125 0.00231764 0.00240536
8.28125 0.00199666 0.00209698
8.4375 0.00171279 0.00182749
8.59375 0.00146086 0.00159208
8.75 0.00123634 0.00138654
8.90625 0.00103509 0.00120715
9.0625 0.000853482 0.00105064
9.21875 0.000688181 0.000914155
9.375 0.000536052 0.000795171
9.53125 0.000394224 0.000691482
9.6875 0.000259981 0.000601151
9.84375 0.000130809 0.000522486
10 4.21493e-06 0.000453999
