-0.0227    0.605    0.448  
-0.0446    0.595    0.449  
-0.0661    0.585     0.45  
-0.0876    0.576    0.451  
 -0.109    0.566    0.452  
 -0.131    0.556    0.453  
 -0.153    0.546    0.455  
 -0.176    0.536    0.457  
 -0.199    0.525    0.459  
 -0.223    0.514    0.462  
 -0.247    0.503    0.465  
 -0.271    0.491    0.468  
 -0.297     0.48    0.471  
 -0.323    0.467    0.475  
 -0.349    0.454    0.479  
 -0.377    0.441    0.484  
 -0.406    0.427    0.489  
 -0.436    0.413    0.494  
 -0.467    0.397      0.5  
 -0.499    0.381    0.506  
 -0.533    0.364    0.512  
 -0.568    0.346    0.519  
 -0.605    0.326    0.526  
 -0.643    0.306    0.534  
 -0.683    0.285    0.542  
 -0.723    0.263    0.549  
 -0.762    0.241    0.557  
 -0.801    0.219    0.564  
 -0.835      0.2     0.57  
 -0.868    0.181    0.575  
 -0.898    0.164     0.58  
 -0.927    0.147    0.584  
 -0.955     0.13    0.587  
 -0.982    0.115     0.59  
  -1.01   0.0997    0.593  
  -1.03   0.0852    0.595  
  -1.05   0.0713    0.597  
  -1.08   0.0579    0.599  
   -1.1   0.0449      0.6  
  -1.12   0.0324    0.601  
  -1.14   0.0202    0.602  
  -1.16  0.00844    0.602  
  -1.18  -0.00304    0.602  
   -1.2  -0.0142    0.602  
  -1.22  -0.0251    0.601  
  -1.23  -0.0358    0.601  
  -1.25  -0.0462      0.6  
  -1.27  -0.0564    0.599  
  -1.28  -0.0664    0.597  
   -1.3  -0.0761    0.596  
  -1.32  -0.0857    0.594  
  -1.33  -0.0951    0.592  
  -1.35   -0.104     0.59  
  -1.36   -0.113    0.588  
  -1.38   -0.122    0.586  
  -1.39   -0.131    0.583  
  -1.41    -0.14     0.58  
  -1.42   -0.148    0.577  
  -1.44   -0.156    0.574  
  -1.45   -0.164    0.571  
  -1.47   -0.172    0.567  
  -1.48    -0.18    0.564  
  -1.49   -0.188     0.56  
  -1.51   -0.196    0.556  
  -1.52   -0.203    0.552  
  -1.53   -0.211    0.548  
  -1.55   -0.218    0.543  
  -1.56   -0.225    0.539  
  -1.57   -0.232    0.534  
  -1.59   -0.239    0.529  
   -1.6   -0.246    0.524  
  -1.61   -0.252    0.519  
  -1.62   -0.259    0.514  
  -1.64   -0.265    0.508  
  -1.65   -0.272    0.503  
  -1.66   -0.278    0.497  
  -1.67   -0.284    0.491  
  -1.69    -0.29    0.486  
   -1.7   -0.296    0.479  
  -1.71   -0.302    0.473  
  -1.72   -0.307    0.467  
  -1.74   -0.313     0.46  
  -1.75   -0.318    0.454  
  -1.76   -0.324    0.447  
  -1.77   -0.329     0.44  
  -1.78   -0.334    0.433  
   -1.8   -0.339    0.426  
  -1.81   -0.344    0.419  
  -1.82   -0.349    0.412  
  -1.83   -0.354    0.404  
  -1.84   -0.359    0.396  
  -1.85   -0.363    0.389  
  -1.87   -0.368    0.381  
  -1.88   -0.372    0.373  
  -1.89   -0.376    0.365  
   -1.9    -0.38    0.356  
  -1.91   -0.384    0.348  
  -1.92   -0.388     0.34  
  -1.93   -0.392    0.331  
  -1.95   -0.396    0.322  
  -1.96     -0.4    0.313  
  -1.97   -0.403    0.304  
  -1.98   -0.407    0.295  
  -1.99    -0.41    0.286  
     -2   -0.413    0.277  
  -2.01   -0.416    0.267  
  -2.03   -0.419    0.258  
  -2.04   -0.422    0.248  
  -2.05   -0.425    0.238  
  -2.06   -0.427    0.228  
  -2.07    -0.43    0.218  
  -2.08   -0.432    0.208  
  -2.09   -0.435    0.198  
   -2.1   -0.437    0.187  
  -2.12   -0.439    0.177  
  -2.13   -0.441    0.166  
  -2.14   -0.443    0.155  
  -2.15   -0.444    0.145  
  -2.16   -0.446    0.134  
  -2.17   -0.448    0.122  
  -2.18   -0.449    0.111  
   -2.2    -0.45   0.0998  
  -2.21   -0.451   0.0883  
  -2.22   -0.452   0.0767  
  -2.23   -0.453    0.065  
  -2.24   -0.454   0.0531  
  -2.25   -0.454   0.0412  
  -2.27   -0.455   0.0291  
  -2.28   -0.455   0.0169  
  -2.29   -0.455  0.00463  
   -2.3   -0.455  -0.00778  
  -2.31   -0.455  -0.0203  
  -2.33   -0.454  -0.0329  
  -2.34   -0.454  -0.0456  
  -2.35   -0.453  -0.0585  
  -2.36   -0.453  -0.0714  
  -2.37   -0.452  -0.0844  
  -2.39   -0.451  -0.0975  
   -2.4   -0.449   -0.111  
  -2.41   -0.448   -0.124  
  -2.42   -0.446   -0.137  
  -2.44   -0.444   -0.151  
  -2.45   -0.442   -0.164  
  -2.46    -0.44   -0.178  
  -2.47   -0.438   -0.191  
  -2.49   -0.436   -0.205  
   -2.5   -0.433   -0.218  
  -2.51    -0.43   -0.232  
  -2.52   -0.427   -0.245  
  -2.54   -0.424   -0.259  
  -2.55   -0.421   -0.272  
  -2.56   -0.417   -0.286  
  -2.57   -0.413   -0.299  
  -2.59    -0.41   -0.312  
   -2.6   -0.406   -0.326  
  -2.61   -0.402   -0.339  
  -2.62   -0.397   -0.352  
  -2.64   -0.393   -0.365  
  -2.65   -0.388   -0.377  
  -2.66   -0.384    -0.39  
  -2.67   -0.379   -0.402  
  -2.68   -0.374   -0.414  
   -2.7   -0.369   -0.427  
  -2.71   -0.363   -0.438  
  -2.72   -0.358    -0.45  
  -2.73   -0.353   -0.461  
  -2.74   -0.347   -0.473  
  -2.76   -0.342   -0.484  
  -2.77   -0.336   -0.495  
  -2.78    -0.33   -0.505  
  -2.79   -0.325   -0.516  
   -2.8   -0.319   -0.526  
  -2.81   -0.313   -0.536  
  -2.82   -0.307   -0.545  
  -2.83   -0.301   -0.555  
  -2.85   -0.295   -0.564  
  -2.86   -0.288   -0.573  
  -2.87   -0.282   -0.582  
  -2.88   -0.276    -0.59  
  -2.89    -0.27   -0.598  
   -2.9   -0.264   -0.607  
  -2.91   -0.257   -0.614  
  -2.92   -0.251   -0.622  
  -2.93   -0.244   -0.629  
  -2.94   -0.238   -0.636  
  -2.95   -0.232   -0.643  
  -2.96   -0.225    -0.65  
  -2.97   -0.219   -0.657  
  -2.98   -0.212   -0.663  
  -2.99   -0.206   -0.669  
     -3   -0.199   -0.675  
  -3.01   -0.193   -0.681  
  -3.02   -0.186   -0.686  
  -3.03    -0.18   -0.691  
  -3.04   -0.173   -0.696  
  -3.05   -0.167   -0.701  
  -3.06    -0.16   -0.706  
  -3.06   -0.154    -0.71  
  -3.07   -0.147   -0.714  
  -3.08   -0.141   -0.718  
  -3.09   -0.134   -0.722  
   -3.1   -0.127   -0.726  
  -3.11   -0.121   -0.729  
  -3.12   -0.114   -0.733  
  -3.13   -0.108   -0.736  
  -3.14   -0.101   -0.739  
  -3.14   -0.095   -0.741  
  -3.15  -0.0885   -0.744  
  -3.16  -0.0821   -0.746  
  -3.17  -0.0756   -0.748  
  -3.18  -0.0692    -0.75  
  -3.19  -0.0628   -0.752  
   -3.2  -0.0564   -0.754  
  -3.21    -0.05   -0.755  
  -3.21  -0.0436   -0.756  
  -3.22  -0.0372   -0.757  
  -3.23  -0.0309   -0.758  
  -3.24  -0.0246   -0.759  
  -3.25  -0.0183    -0.76  
  -3.26   -0.012    -0.76  
  -3.26  -0.00574    -0.76  
  -3.27  0.000495    -0.76  
  -3.28  0.00671    -0.76  
  -3.29   0.0129    -0.76  
   -3.3   0.0191    -0.76  
   -3.3   0.0252   -0.759  
  -3.31   0.0313   -0.758  
  -3.32   0.0374   -0.757  
  -3.33   0.0435   -0.756  
  -3.34   0.0495   -0.755  
  -3.34   0.0555   -0.754  
  -3.35   0.0615   -0.752  
  -3.36   0.0674    -0.75  
  -3.37   0.0733   -0.749  
  -3.38   0.0792   -0.747  
  -3.38   0.0851   -0.744  
  -3.39   0.0909   -0.742  
   -3.4   0.0967    -0.74  
  -3.41    0.102   -0.737  
  -3.41    0.108   -0.734  
  -3.42    0.114   -0.731  
  -3.43    0.119   -0.728  
  -3.44    0.125   -0.725  
  -3.45    0.131   -0.721  
  -3.45    0.136   -0.718  
  -3.46    0.142   -0.714  
  -3.47    0.147    -0.71  
  -3.48    0.153   -0.706  
  -3.48    0.158   -0.702  
  -3.49    0.163   -0.698  
   -3.5    0.169   -0.693  
  -3.51    0.174   -0.689  
  -3.51    0.179   -0.684  
  -3.52    0.184   -0.679  
  -3.53    0.189   -0.674  
  -3.54    0.195   -0.669  
  -3.55      0.2   -0.664  
  -3.55    0.205   -0.658  
  -3.56     0.21   -0.653  
  -3.57    0.214   -0.647  
  -3.58    0.219   -0.641  
  -3.58    0.224   -0.635  
  -3.59    0.229   -0.629  
   -3.6    0.234   -0.623  
  -3.61    0.238   -0.617  
  -3.61    0.243    -0.61  
  -3.62    0.248   -0.603  
  -3.63    0.252   -0.596  
  -3.64    0.257    -0.59  
  -3.64    0.261   -0.582  
  -3.65    0.265   -0.575  
  -3.66     0.27   -0.568  
  -3.67    0.274    -0.56  
  -3.67    0.278   -0.553  
  -3.68    0.282   -0.545  
  -3.69    0.286   -0.537  
   -3.7     0.29   -0.529  
   -3.7    0.294   -0.521  
  -3.71    0.298   -0.512  
  -3.72    0.302   -0.504  
  -3.73    0.306   -0.495  
  -3.73     0.31   -0.487  
  -3.74    0.313   -0.478  
  -3.75    0.317   -0.469  
  -3.76     0.32    -0.46  
  -3.76    0.324    -0.45  
  -3.77    0.327   -0.441  
  -3.78    0.331   -0.431  
  -3.79    0.334   -0.422  
   -3.8    0.337   -0.412  
   -3.8     0.34   -0.402  
  -3.81    0.343   -0.392  
  -3.82    0.346   -0.382  
  -3.83    0.349   -0.371  
  -3.83    0.352   -0.361  
  -3.84    0.355    -0.35  
  -3.85    0.358   -0.339  
  -3.86     0.36   -0.328  
  -3.87    0.363   -0.317  
  -3.87    0.365   -0.306  
  -3.88    0.368   -0.295  
  -3.89     0.37   -0.283  
   -3.9    0.372   -0.272  
  -3.91    0.374    -0.26  
  -3.91    0.376   -0.248  
  -3.92    0.378   -0.236  
  -3.93     0.38   -0.224  
  -3.94    0.382   -0.212  
  -3.95    0.384   -0.199  
  -3.95    0.385   -0.187  
  -3.96    0.387   -0.174  
  -3.97    0.388   -0.161  
  -3.98     0.39   -0.148  
  -3.99    0.391   -0.135  
     -4    0.392   -0.122  
  -4.01    0.393   -0.108  
  -4.01    0.394  -0.0948  
  -4.02    0.395  -0.0811  
  -4.03    0.395  -0.0673  
  -4.04    0.396  -0.0534  
  -4.05    0.396  -0.0393  
  -4.06    0.396  -0.0251  
  -4.07    0.397  -0.0108  
  -4.08    0.397  0.00361  
  -4.08    0.396   0.0181  
  -4.09    0.396   0.0327  
   -4.1    0.396   0.0474  
  -4.11    0.395   0.0622  
  -4.12    0.395   0.0771  
  -4.13    0.394    0.092  
  -4.14    0.393    0.107  
  -4.15    0.392    0.122  
  -4.16    0.391    0.137  
  -4.17    0.389    0.152  
  -4.18    0.388    0.167  
  -4.19    0.386    0.182  
  -4.19    0.385    0.197  
   -4.2    0.383    0.212  
  -4.21    0.381    0.227  
  -4.22    0.379    0.242  
  -4.23    0.376    0.256  
  -4.24    0.374    0.271  
  -4.25    0.371    0.285  
  -4.26    0.369      0.3  
  -4.27    0.366    0.314  
  -4.28    0.363    0.328  
  -4.29     0.36    0.342  
  -4.29    0.357    0.355  
   -4.3    0.354    0.369  
  -4.31     0.35    0.382  
  -4.32    0.347    0.395  
  -4.33    0.344    0.408  
  -4.34     0.34    0.421  
  -4.35    0.336    0.433  
  -4.36    0.333    0.446  
  -4.36    0.329    0.458  
  -4.37    0.325    0.469  
  -4.38    0.321    0.481  
  -4.39    0.317    0.493  
   -4.4    0.313    0.504  
   -4.4    0.309    0.515  
  -4.41    0.305    0.526  
  -4.42    0.301    0.536  
  -4.43    0.296    0.547  
  -4.44    0.292    0.557  
  -4.44    0.288    0.567  
  -4.45    0.283    0.577  
  -4.46    0.279    0.586  
  -4.47    0.274    0.596  
  -4.47     0.27    0.605  
  -4.48    0.265    0.614  
  -4.49    0.261    0.623  
   -4.5    0.256    0.631  
   -4.5    0.251     0.64  
  -4.51    0.247    0.648  
  -4.52    0.242    0.656  
  -4.53    0.237    0.664  
  -4.53    0.232    0.671  
  -4.54    0.227    0.679  
  -4.55    0.223    0.686  
  -4.55    0.218    0.693  
  -4.56    0.213      0.7  
  -4.57    0.208    0.707  
  -4.58    0.203    0.713  
  -4.58    0.198    0.719  
  -4.59    0.193    0.726  
   -4.6    0.188    0.732  
   -4.6    0.183    0.737  
  -4.61    0.178    0.743  
  -4.62    0.173    0.748  
  -4.62    0.168    0.754  
  -4.63    0.163    0.759  
  -4.64    0.158    0.764  
  -4.64    0.153    0.769  
  -4.65    0.148    0.773  
  -4.66    0.143    0.778  
  -4.66    0.138    0.782  
  -4.67    0.133    0.786  
  -4.68    0.127     0.79  
  -4.68    0.122    0.794  
  -4.69    0.117    0.797  
  -4.69    0.112    0.801  
   -4.7    0.107    0.804  
  -4.71    0.102    0.807  
  -4.71   0.0966     0.81  
  -4.72   0.0914    0.813  
  -4.73   0.0863    0.816  
  -4.73   0.0811    0.818  
  -4.74    0.076    0.821  
  -4.75   0.0708    0.823  
  -4.75   0.0657    0.825  
  -4.76   0.0605    0.827  
  -4.76   0.0554    0.828  
  -4.77   0.0502     0.83  
  -4.78   0.0451    0.831  
  -4.78   0.0399    0.833  
  -4.79   0.0348    0.834  
   -4.8   0.0297    0.835  
   -4.8   0.0246    0.835  
  -4.81   0.0195    0.836  
  -4.81   0.0144    0.837  
  -4.82  0.00927    0.837  
  -4.83  0.00418    0.837  
  -4.83  -0.000894    0.837  
  -4.84  -0.00596    0.837  
  -4.84   -0.011    0.837  
  -4.85  -0.0161    0.836  
  -4.86  -0.0211    0.836  
  -4.86  -0.0261    0.835  
  -4.87  -0.0311    0.834  
  -4.87  -0.0361    0.833  
  -4.88  -0.0411    0.832  
  -4.89  -0.0461    0.831  
  -4.89   -0.051     0.83  
   -4.9   -0.056    0.828  
   -4.9  -0.0609    0.826  
  -4.91  -0.0658    0.824  
  -4.92  -0.0707    0.822  
  -4.92  -0.0756     0.82  
  -4.93  -0.0804    0.818  
  -4.93  -0.0853    0.816  
  -4.94  -0.0901    0.813  
  -4.95  -0.0949     0.81  
  -4.95  -0.0996    0.807  
  -4.96   -0.104    0.804  
  -4.96   -0.109    0.801  
  -4.97   -0.114    0.798  
  -4.97   -0.119    0.795  
  -4.98   -0.123    0.791  
  -4.99   -0.128    0.787  
  -4.99   -0.132    0.784  
     -5   -0.137     0.78  
     -5   -0.142    0.776  
  -5.01   -0.146    0.771  
  -5.02   -0.151    0.767  
  -5.02   -0.155    0.763  
  -5.03    -0.16    0.758  
  -5.03   -0.164    0.753  
  -5.04   -0.168    0.748  
  -5.05   -0.173    0.743  
  -5.05   -0.177    0.738  
  -5.06   -0.182    0.733  
  -5.06   -0.186    0.727  
  -5.07    -0.19    0.722  
  -5.07   -0.194    0.716  
  -5.08   -0.199     0.71  
  -5.09   -0.203    0.704  
  -5.09   -0.207    0.698  
   -5.1   -0.211    0.691  
   -5.1   -0.215    0.685  
  -5.11   -0.219    0.679  
  -5.12   -0.223    0.672  
  -5.12   -0.227    0.665  
  -5.13   -0.231    0.658  
  -5.13   -0.235    0.651  
  -5.14   -0.239    0.644  
  -5.15   -0.242    0.636  
  -5.15   -0.246    0.629  
  -5.16    -0.25    0.621  
  -5.16   -0.254    0.614  
  -5.17   -0.257    0.606  
  -5.18   -0.261    0.598  
  -5.18   -0.264    0.589  
  -5.19   -0.268    0.581  
  -5.19   -0.271    0.573  
   -5.2   -0.275    0.564  
  -5.21   -0.278    0.555  
  -5.21   -0.282    0.547  
  -5.22   -0.285    0.538  
  -5.22   -0.288    0.528  
  -5.23   -0.291    0.519  
  -5.24   -0.294     0.51  
  -5.24   -0.298      0.5  
  -5.25   -0.301    0.491  
  -5.25   -0.304    0.481  
  -5.26   -0.307    0.471  
  -5.27   -0.309    0.461  
  -5.27   -0.312    0.451  
  -5.28   -0.315     0.44  
  -5.29   -0.318     0.43  
  -5.29   -0.321    0.419  
   -5.3   -0.323    0.408  
   -5.3   -0.326    0.397  
  -5.31   -0.328    0.386  
  -5.32   -0.331    0.375  
  -5.32   -0.333    0.363  
  -5.33   -0.335    0.352  
  -5.34   -0.338     0.34  
  -5.34    -0.34    0.328  
  -5.35   -0.342    0.316  
  -5.36   -0.344    0.304  
  -5.36   -0.346    0.292  
  -5.37   -0.348     0.28  
  -5.38    -0.35    0.267  
  -5.38   -0.351    0.254  
  -5.39   -0.353    0.241  
   -5.4   -0.355    0.228  
   -5.4   -0.356    0.215  
  -5.41   -0.358    0.202  
  -5.42   -0.359    0.188  
  -5.42    -0.36    0.174  
  -5.43   -0.362     0.16  
  -5.44   -0.363    0.146  
  -5.45   -0.364    0.132  
  -5.45   -0.365    0.118  
  -5.46   -0.365    0.103  
  -5.47   -0.366   0.0888  
  -5.48   -0.367   0.0741  
  -5.48   -0.367   0.0591  
  -5.49   -0.368   0.0441  
   -5.5   -0.368   0.0289  
  -5.51   -0.368   0.0135  
  -5.51   -0.368  -0.00189  
  -5.52   -0.368  -0.0174  
  -5.53   -0.368  -0.0331  
  -5.54   -0.367  -0.0488  
  -5.54   -0.367  -0.0646  
  -5.55   -0.366  -0.0805  
  -5.56   -0.366  -0.0964  
  -5.57   -0.365   -0.112  
  -5.58   -0.364   -0.128  
  -5.58   -0.363   -0.144  
  -5.59   -0.362    -0.16  
   -5.6    -0.36   -0.176  
  -5.61   -0.359   -0.192  
  -5.61   -0.357   -0.207  
  -5.62   -0.356   -0.223  
  -5.63   -0.354   -0.238  
  -5.64   -0.352   -0.254  
  -5.65    -0.35   -0.269  
  -5.65   -0.348   -0.284  
  -5.66   -0.346   -0.299  
  -5.67   -0.343   -0.314  
  -5.68   -0.341   -0.328  
  -5.68   -0.339   -0.343  
  -5.69   -0.336   -0.357  
   -5.7   -0.333   -0.371  
  -5.71   -0.331   -0.384  
  -5.71   -0.328   -0.398  
  -5.72   -0.325   -0.411  
  -5.73   -0.322   -0.424  
  -5.73   -0.319   -0.437  
  -5.74   -0.316    -0.45  
  -5.75   -0.313   -0.462  
  -5.75   -0.309   -0.474  
  -5.76   -0.306   -0.486  
  -5.77   -0.303   -0.498  
  -5.77     -0.3    -0.51  
  -5.78   -0.296   -0.521  
  -5.79   -0.293   -0.532  
  -5.79   -0.289   -0.543  
   -5.8   -0.286   -0.554  
  -5.81   -0.282   -0.565  
  -5.81   -0.278   -0.575  
  -5.82   -0.275   -0.585  
  -5.83   -0.271   -0.595  
  -5.83   -0.267   -0.605  
  -5.84   -0.264   -0.615  
  -5.84    -0.26   -0.624  
  -5.85   -0.256   -0.633  
  -5.86   -0.252   -0.642  
  -5.86   -0.248   -0.651  
  -5.87   -0.244    -0.66  
  -5.87    -0.24   -0.668  
  -5.88   -0.236   -0.677  
  -5.89   -0.232   -0.685  
  -5.89   -0.228   -0.693  
   -5.9   -0.224     -0.7  
   -5.9    -0.22   -0.708  
  -5.91   -0.216   -0.715  
  -5.92   -0.212   -0.723  
  -5.92   -0.208    -0.73  
  -5.93   -0.203   -0.737  
  -5.93   -0.199   -0.744  
  -5.94   -0.195    -0.75  
  -5.94   -0.191   -0.757  
  -5.95   -0.186   -0.763  
  -5.96   -0.182   -0.769  
  -5.96   -0.178   -0.775  
  -5.97   -0.174   -0.781  
  -5.97   -0.169   -0.786  
  -5.98   -0.165   -0.792  
  -5.98   -0.161   -0.797  
  -5.99   -0.156   -0.802  
  -5.99   -0.152   -0.807  
     -6   -0.147   -0.812  
     -6   -0.143   -0.817  
  -6.01   -0.139   -0.822  
  -6.02   -0.134   -0.826  
  -6.02    -0.13    -0.83  
  -6.03   -0.125   -0.834  
  -6.03   -0.121   -0.838  
  -6.04   -0.116   -0.842  
  -6.04   -0.112   -0.846  
  -6.05   -0.107   -0.849  
  -6.05   -0.103   -0.853  
  -6.06  -0.0985   -0.856  
  -6.06   -0.094   -0.859  
  -6.07  -0.0895   -0.862  
  -6.07   -0.085   -0.864  
  -6.08  -0.0805   -0.867  
  -6.08   -0.076    -0.87  
  -6.09  -0.0715   -0.872  
  -6.09   -0.067   -0.874  
   -6.1  -0.0625   -0.876  
   -6.1   -0.058   -0.878  
  -6.11  -0.0535    -0.88  
  -6.11   -0.049   -0.881  
  -6.12  -0.0444   -0.883  
  -6.12  -0.0399   -0.884  
  -6.13  -0.0354   -0.885  
  -6.13  -0.0309   -0.886  
  -6.14  -0.0264   -0.887  
  -6.14  -0.0219   -0.888  
  -6.15  -0.0174   -0.889  
  -6.16  -0.0129   -0.889  
  -6.16  -0.00846   -0.889  
  -6.17  -0.00397    -0.89  
  -6.17  0.000502    -0.89  
  -6.18  0.00497    -0.89  
  -6.18  0.00944   -0.889  
  -6.19   0.0139   -0.889  
  -6.19   0.0183   -0.888  
   -6.2   0.0228   -0.888  
   -6.2   0.0272   -0.887  
  -6.21   0.0316   -0.886  
  -6.21   0.0361   -0.885  
  -6.22   0.0405   -0.884  
  -6.22   0.0449   -0.883  
  -6.23   0.0493   -0.881  
  -6.23   0.0536    -0.88  
  -6.24    0.058   -0.878  
  -6.24   0.0624   -0.876  
  -6.25   0.0667   -0.874  
  -6.25    0.071   -0.872  
  -6.25   0.0753    -0.87  
  -6.26   0.0796   -0.867  
  -6.26   0.0839   -0.865  
  -6.27   0.0882   -0.862  
  -6.27   0.0925   -0.859  
  -6.28   0.0967   -0.856  
  -6.28    0.101   -0.853  
  -6.29    0.105    -0.85  
  -6.29    0.109   -0.847  
   -6.3    0.114   -0.843  
   -6.3    0.118    -0.84  
  -6.31    0.122   -0.836  
  -6.31    0.126   -0.832  
  -6.32     0.13   -0.828  
  -6.32    0.134   -0.824  
  -6.33    0.138    -0.82  
  -6.33    0.142   -0.815  
  -6.34    0.146   -0.811  
  -6.34     0.15   -0.806  
  -6.35    0.154   -0.801  
  -6.35    0.158   -0.796  
  -6.36    0.162   -0.791  
  -6.36    0.166   -0.786  
  -6.37     0.17   -0.781  
  -6.37    0.174   -0.775  
  -6.38    0.178    -0.77  
  -6.38    0.181   -0.764  
  -6.39    0.185   -0.758  
  -6.39    0.189   -0.752  
   -6.4    0.193   -0.746  
   -6.4    0.197    -0.74  
  -6.41      0.2   -0.733  
  -6.41    0.204   -0.727  
  -6.42    0.207    -0.72  
  -6.42    0.211   -0.714  
  -6.43    0.215   -0.707  
  -6.43    0.218     -0.7  
  -6.44    0.222   -0.693  
  -6.44    0.225   -0.685  
  -6.45    0.229   -0.678  
  -6.45    0.232    -0.67  
  -6.46    0.235   -0.663  
  -6.46    0.239   -0.655  
  -6.47    0.242   -0.647  
  -6.47    0.245   -0.639  
  -6.48    0.249   -0.631  
  -6.48    0.252   -0.622  
  -6.49    0.255   -0.614  
   -6.5    0.258   -0.605  
   -6.5    0.261   -0.596  
  -6.51    0.264   -0.587  
  -6.51    0.267   -0.578  
  -6.52     0.27   -0.569  
  -6.52    0.273    -0.56  
  -6.53    0.276   -0.551  
  -6.53    0.279   -0.541  
  -6.54    0.282   -0.531  
  -6.54    0.285   -0.521  
  -6.55    0.288   -0.512  
  -6.55     0.29   -0.501  
  -6.56    0.293   -0.491  
  -6.56    0.296   -0.481  
  -6.57    0.298    -0.47  
  -6.57    0.301   -0.459  
  -6.58    0.303   -0.449  
  -6.59    0.306   -0.438  
  -6.59    0.308   -0.426  
   -6.6     0.31   -0.415  
   -6.6    0.313   -0.404  
  -6.61    0.315   -0.392  
  -6.61    0.317    -0.38  
  -6.62    0.319   -0.369  
  -6.62    0.321   -0.356  
  -6.63    0.323   -0.344  
  -6.64    0.325   -0.332  
  -6.64    0.327   -0.319  
  -6.65    0.329   -0.307  
  -6.65    0.331   -0.294  
  -6.66    0.332   -0.281  
  -6.67    0.334   -0.268  
  -6.67    0.335   -0.254  
  -6.68    0.337   -0.241  
  -6.68    0.338   -0.227  
  -6.69     0.34   -0.213  
   -6.7    0.341   -0.199  
   -6.7    0.342   -0.185  
  -6.71    0.343   -0.171  
  -6.71    0.344   -0.156  
  -6.72    0.345   -0.141  
  -6.73    0.346   -0.126  
  -6.73    0.347   -0.111  
  -6.74    0.348  -0.0959  
  -6.75    0.348  -0.0805  
  -6.75    0.349   -0.065  
  -6.76    0.349  -0.0492  
  -6.77    0.349  -0.0334  
  -6.77    0.349  -0.0173  
  -6.78     0.35  -0.0012  
  -6.79     0.35   0.0151  
  -6.79    0.349   0.0314  
   -6.8    0.349   0.0479  
  -6.81    0.349   0.0644  
  -6.82    0.348   0.0809  
  -6.82    0.348   0.0975  
  -6.83    0.347    0.114  
  -6.84    0.346    0.131  
  -6.84    0.345    0.147  
  -6.85    0.344    0.164  
  -6.86    0.343     0.18  
  -6.86    0.341    0.197  
  -6.87     0.34    0.213  
  -6.88    0.338    0.229  
  -6.88    0.337    0.245  
  -6.89    0.335    0.261  
   -6.9    0.333    0.276  
  -6.91    0.331    0.292  
  -6.91    0.329    0.307  
  -6.92    0.327    0.322  
  -6.92    0.325    0.337  
  -6.93    0.323    0.351  
  -6.94    0.321    0.366  
  -6.94    0.318     0.38  
  -6.95    0.316    0.394  
  -6.96    0.313    0.407  
  -6.96    0.311    0.421  
  -6.97    0.308    0.434  
  -6.98    0.305    0.447  
  -6.98    0.303     0.46  
  -6.99      0.3    0.472  
  -6.99    0.297    0.485  
     -7    0.294    0.497  
     -7    0.291    0.509  
  -7.01    0.288    0.521  
  -7.02    0.285    0.532  
  -7.02    0.282    0.543  
  -7.03    0.279    0.555  
  -7.03    0.276    0.566  
  -7.04    0.273    0.576  
  -7.04     0.27    0.587  
  -7.05    0.266    0.597  
  -7.06    0.263    0.607  
  -7.06     0.26    0.617  
  -7.07    0.256    0.627  
  -7.07    0.253    0.637  
  -7.08     0.25    0.646  
  -7.08    0.246    0.656  
  -7.09    0.243    0.665  
  -7.09    0.239    0.674  
   -7.1    0.236    0.682  
   -7.1    0.232    0.691  
  -7.11    0.229    0.699  
  -7.11    0.225    0.707  
  -7.12    0.221    0.716  
  -7.12    0.218    0.723  
  -7.13    0.214    0.731  
  -7.13     0.21    0.739  
  -7.14    0.207    0.746  
  -7.14    0.203    0.753  
  -7.15    0.199    0.761  
  -7.15    0.195    0.768  
  -7.16    0.192    0.774  
  -7.16    0.188    0.781  
  -7.17    0.184    0.787  
  -7.17     0.18    0.794  
  -7.18    0.176      0.8  
  -7.18    0.172    0.806  
  -7.19    0.169    0.812  
  -7.19    0.165    0.818  
   -7.2    0.161    0.823  
   -7.2    0.157    0.829  
  -7.21    0.153    0.834  
  -7.21    0.149    0.839  
  -7.22    0.145    0.844  
  -7.22    0.141    0.849  
  -7.23    0.137    0.854  
  -7.23    0.133    0.858  
  -7.23    0.129    0.862  
  -7.24    0.125    0.867  
  -7.24    0.121    0.871  
  -7.25    0.117    0.875  
  -7.25    0.113    0.879  
  -7.26    0.109    0.882  
  -7.26    0.105    0.886  
  -7.27    0.101    0.889  
  -7.27   0.0968    0.893  
  -7.28   0.0927    0.896  
  -7.28   0.0886    0.899  
  -7.28   0.0845    0.902  
  -7.29   0.0804    0.904  
  -7.29   0.0764    0.907  
   -7.3   0.0723    0.909  
   -7.3   0.0682    0.912  
  -7.31   0.0641    0.914  
  -7.31     0.06    0.916  
  -7.32   0.0559    0.918  
  -7.32   0.0518     0.92  
  -7.33   0.0477    0.921  
  -7.33   0.0436    0.923  
  -7.33   0.0395    0.924  
  -7.34   0.0354    0.925  
  -7.34   0.0313    0.926  
  -7.35   0.0271    0.927  
  -7.35    0.023    0.928  
  -7.36   0.0189    0.929  
  -7.36   0.0149    0.929  
  -7.36   0.0108     0.93  
  -7.37  0.00666     0.93  
  -7.37  0.00257     0.93  
  -7.38  -0.00151     0.93  
  -7.38  -0.00559     0.93  
  -7.39  -0.00967     0.93  
  -7.39  -0.0137    0.929  
   -7.4  -0.0178    0.929  
   -7.4  -0.0219    0.928  
   -7.4  -0.0259    0.927  
  -7.41    -0.03    0.927  
  -7.41   -0.034    0.926  
  -7.42   -0.038    0.924  
  -7.42  -0.0421    0.923  
  -7.43  -0.0461    0.922  
  -7.43  -0.0501     0.92  
  -7.43  -0.0541    0.918  
  -7.44  -0.0581    0.917  
  -7.44  -0.0621    0.915  
  -7.45  -0.0661    0.913  
  -7.45    -0.07     0.91  
  -7.46   -0.074    0.908  
  -7.46  -0.0779    0.906  
  -7.47  -0.0818    0.903  
  -7.47  -0.0858      0.9  
  -7.47  -0.0897    0.897  
  -7.48  -0.0936    0.894  
  -7.48  -0.0974    0.891  
  -7.49   -0.101    0.888  
  -7.49   -0.105    0.885  
   -7.5   -0.109    0.881  
   -7.5   -0.113    0.878  
   -7.5   -0.117    0.874  
  -7.51    -0.12     0.87  
  -7.51   -0.124    0.866  
  -7.52   -0.128    0.862  
  -7.52   -0.132    0.858  
  -7.53   -0.135    0.853  
  -7.53   -0.139    0.849  
  -7.54   -0.143    0.844  
  -7.54   -0.147    0.839  
  -7.54    -0.15    0.834  
  -7.55   -0.154    0.829  
  -7.55   -0.157    0.824  
  -7.56   -0.161    0.819  
  -7.56   -0.165    0.814  
  -7.57   -0.168    0.808  
  -7.57   -0.172    0.802  
  -7.57   -0.175    0.797  
  -7.58   -0.179    0.791  
  -7.58   -0.182    0.785  
  -7.59   -0.186    0.779  
  -7.59   -0.189    0.772  
   -7.6   -0.192    0.766  
   -7.6   -0.196    0.759  
  -7.61   -0.199    0.753  
  -7.61   -0.203    0.746  
  -7.61   -0.206    0.739  
  -7.62   -0.209    0.732  
  -7.62   -0.212    0.725  
  -7.63   -0.216    0.717  
  -7.63   -0.219     0.71  
  -7.64   -0.222    0.702  
  -7.64   -0.225    0.695  
  -7.65   -0.228    0.687  
  -7.65   -0.231    0.679  
  -7.65   -0.234    0.671  
  -7.66   -0.237    0.663  
  -7.66    -0.24    0.654  
  -7.67   -0.243    0.646  
  -7.67   -0.246    0.637  
  -7.68   -0.249    0.628  
  -7.68   -0.252     0.62  
  -7.69   -0.255    0.611  
  -7.69   -0.258    0.601  
   -7.7   -0.261    0.592  
   -7.7   -0.263    0.583  
  -7.71   -0.266    0.573  
  -7.71   -0.269    0.563  
  -7.71   -0.271    0.554  
  -7.72   -0.274    0.544  
  -7.72   -0.277    0.534  
  -7.73   -0.279    0.523  
  -7.73   -0.282    0.513  
  -7.74   -0.284    0.502  
  -7.74   -0.286    0.492  
  -7.75   -0.289    0.481  
  -7.75   -0.291     0.47  
  -7.76   -0.293    0.459  
  -7.76   -0.296    0.447  
  -7.77   -0.298    0.436  
  -7.77     -0.3    0.424  
  -7.78   -0.302    0.413  
  -7.78   -0.304    0.401  
  -7.79   -0.306    0.389  
  -7.79   -0.308    0.377  
   -7.8    -0.31    0.364  
   -7.8   -0.312    0.352  
  -7.81   -0.314    0.339  
  -7.81   -0.315    0.326  
  -7.82   -0.317    0.313  
  -7.82   -0.319      0.3  
  -7.83    -0.32    0.287  
  -7.84   -0.322    0.273  
  -7.84   -0.323    0.259  
  -7.85   -0.325    0.245  
  -7.85   -0.326    0.231  
  -7.86   -0.327    0.217  
  -7.86   -0.328    0.202  
  -7.87   -0.329    0.188  
  -7.87    -0.33    0.173  
  -7.88   -0.331    0.158  
  -7.89   -0.332    0.143  
  -7.89   -0.333    0.127  
   -7.9   -0.334    0.112  
   -7.9   -0.334   0.0959  
  -7.91   -0.335     0.08  
  -7.92   -0.335   0.0639  
  -7.92   -0.336   0.0476  
  -7.93   -0.336   0.0311  
  -7.93   -0.336   0.0146  
  -7.94   -0.336  -0.00217  
  -7.95   -0.336   -0.019  
  -7.95   -0.336   -0.036  
  -7.96   -0.336   -0.053  
  -7.97   -0.335  -0.0701  
  -7.97   -0.335  -0.0872  
  -7.98   -0.334   -0.104  
  -7.99   -0.333   -0.121  
  -7.99   -0.332   -0.139  
     -8   -0.332   -0.156  
     -8    -0.33   -0.173  
  -8.01   -0.329   -0.189  
  -8.02   -0.328   -0.206  
  -8.02   -0.327   -0.223  
  -8.03   -0.325   -0.239  
  -8.04   -0.324   -0.255  
  -8.04   -0.322   -0.271  
  -8.05    -0.32   -0.287  
  -8.05   -0.319   -0.303  
  -8.06   -0.317   -0.318  
  -8.07   -0.315   -0.333  
  -8.07   -0.313   -0.348  
  -8.08   -0.311   -0.363  
  -8.08   -0.309   -0.377  
  -8.09   -0.306   -0.392  
   -8.1   -0.304   -0.406  
   -8.1   -0.302   -0.419  
  -8.11   -0.299   -0.433  
  -8.11   -0.297   -0.446  
  -8.12   -0.295   -0.459  
  -8.12   -0.292   -0.472  
  -8.13   -0.289   -0.485  
  -8.13   -0.287   -0.497  
  -8.14   -0.284   -0.509  
  -8.14   -0.282   -0.521  
  -8.15   -0.279   -0.533  
  -8.15   -0.276   -0.545  
  -8.16   -0.273   -0.556  
  -8.16    -0.27   -0.568  
  -8.17   -0.268   -0.579  
  -8.17   -0.265   -0.589  
  -8.18   -0.262     -0.6  
  -8.18   -0.259    -0.61  
  -8.19   -0.256   -0.621  
  -8.19   -0.253   -0.631  
   -8.2    -0.25   -0.641  
   -8.2   -0.247    -0.65  
  -8.21   -0.243    -0.66  
  -8.21    -0.24   -0.669  
  -8.22   -0.237   -0.679  
  -8.22   -0.234   -0.688  
  -8.23   -0.231   -0.697  
  -8.23   -0.227   -0.705  
  -8.24   -0.224   -0.714  
  -8.24   -0.221   -0.722  
  -8.25   -0.218    -0.73  
  -8.25   -0.214   -0.739  
  -8.25   -0.211   -0.746  
  -8.26   -0.208   -0.754  
  -8.26   -0.204   -0.762  
  -8.27   -0.201   -0.769  
  -8.27   -0.197   -0.777  
  -8.28   -0.194   -0.784  
  -8.28    -0.19   -0.791  
  -8.29   -0.187   -0.798  
  -8.29   -0.183   -0.804  
  -8.29    -0.18   -0.811  
   -8.3   -0.176   -0.817  
   -8.3   -0.173   -0.824  
  -8.31   -0.169    -0.83  
  -8.31   -0.166   -0.836  
  -8.32   -0.162   -0.841  
  -8.32   -0.158   -0.847  
  -8.32   -0.155   -0.853  
  -8.33   -0.151   -0.858  
  -8.33   -0.148   -0.863  
  -8.34   -0.144   -0.868  
  -8.34    -0.14   -0.873  
  -8.35   -0.137   -0.878  
  -8.35   -0.133   -0.883  
  -8.35   -0.129   -0.888  
  -8.36   -0.126   -0.892  
  -8.36   -0.122   -0.896  
  -8.37   -0.118     -0.9  
  -8.37   -0.114   -0.904  
  -8.37   -0.111   -0.908  
  -8.38   -0.107   -0.912  
  -8.38   -0.103   -0.916  
  -8.39  -0.0994   -0.919  
  -8.39  -0.0956   -0.923  
   -8.4  -0.0919   -0.926  
   -8.4  -0.0881   -0.929  
   -8.4  -0.0843   -0.932  
  -8.41  -0.0805   -0.935  
  -8.41  -0.0767   -0.937  
  -8.42  -0.0729    -0.94  
  -8.42  -0.0691   -0.942  
  -8.42  -0.0653   -0.945  
  -8.43  -0.0615   -0.947  
  -8.43  -0.0577   -0.949  
  -8.44  -0.0539   -0.951  
  -8.44  -0.0501   -0.952  
  -8.44  -0.0463   -0.954  
  -8.45  -0.0425   -0.955  
  -8.45  -0.0386   -0.957  
  -8.46  -0.0348   -0.958  
  -8.46   -0.031   -0.959  
  -8.46  -0.0272    -0.96  
  -8.47  -0.0234   -0.961  
  -8.47  -0.0196   -0.962  
  -8.48  -0.0157   -0.962  
  -8.48  -0.0119   -0.963  
  -8.48  -0.00812   -0.963  
  -8.49  -0.00431   -0.963  
  -8.49  -0.000508   -0.963  
   -8.5  0.00329   -0.963  
   -8.5  0.00709   -0.963  
   -8.5   0.0109   -0.963  
  -8.51   0.0147   -0.962  
  -8.51   0.0185   -0.962  
  -8.51   0.0223   -0.961  
  -8.52    0.026    -0.96  
  -8.52   0.0298   -0.959  
  -8.53   0.0336   -0.958  
  -8.53   0.0373   -0.957  
  -8.53   0.0411   -0.956  
  -8.54   0.0448   -0.954  
  -8.54   0.0486   -0.953  
  -8.55   0.0523   -0.951  
  -8.55    0.056   -0.949  
  -8.55   0.0597   -0.947  
  -8.56   0.0635   -0.945  
  -8.56   0.0672   -0.943  
  -8.57   0.0708   -0.941  
  -8.57   0.0745   -0.938  
  -8.57   0.0782   -0.936  
  -8.58   0.0819   -0.933  
  -8.58   0.0855    -0.93  
  -8.59   0.0892   -0.927  
  -8.59   0.0928   -0.924  
  -8.59   0.0964   -0.921  
   -8.6      0.1   -0.918  
   -8.6    0.104   -0.914  
  -8.61    0.107   -0.911  
  -8.61    0.111   -0.907  
  -8.61    0.114   -0.903  
  -8.62    0.118   -0.899  
  -8.62    0.121   -0.895  
  -8.62    0.125   -0.891  
  -8.63    0.128   -0.887  
  -8.63    0.132   -0.883  
  -8.64    0.135   -0.878  
  -8.64    0.139   -0.873  
  -8.64    0.142   -0.868  
  -8.65    0.146   -0.864  
  -8.65    0.149   -0.859  
  -8.66    0.152   -0.853  
  -8.66    0.156   -0.848  
  -8.66    0.159   -0.843  
  -8.67    0.163   -0.837  
  -8.67    0.166   -0.831  
  -8.68    0.169   -0.826  
  -8.68    0.172    -0.82  
  -8.68    0.176   -0.814  
  -8.69    0.179   -0.808  
  -8.69    0.182   -0.801  
   -8.7    0.185   -0.795  
   -8.7    0.189   -0.788  
   -8.7    0.192   -0.782  
  -8.71    0.195   -0.775  
  -8.71    0.198   -0.768  
  -8.72    0.201   -0.761  
  -8.72    0.204   -0.754  
  -8.72    0.207   -0.747  
  -8.73     0.21   -0.739  
  -8.73    0.213   -0.732  
  -8.74    0.216   -0.724  
  -8.74    0.219   -0.716  
  -8.74    0.222   -0.708  
  -8.75    0.225     -0.7  
  -8.75    0.228   -0.692  
  -8.76    0.231   -0.684  
  -8.76    0.233   -0.675  
  -8.77    0.236   -0.667  
  -8.77    0.239   -0.658  
  -8.77    0.242   -0.649  
  -8.78    0.244    -0.64  
  -8.78    0.247   -0.631  
  -8.79     0.25   -0.622  
  -8.79    0.252   -0.613  
  -8.79    0.255   -0.603  
   -8.8    0.258   -0.593  
   -8.8     0.26   -0.584  
  -8.81    0.263   -0.574  
  -8.81    0.265   -0.564  
  -8.82    0.267   -0.554  
  -8.82     0.27   -0.543  
  -8.83    0.272   -0.533  
  -8.83    0.274   -0.522  
  -8.83    0.277   -0.512  
  -8.84    0.279   -0.501  
  -8.84    0.281    -0.49  
  -8.85    0.283   -0.478  
  -8.85    0.285   -0.467  
  -8.86    0.288   -0.456  
  -8.86     0.29   -0.444  
  -8.87    0.292   -0.432  
  -8.87    0.294    -0.42  
  -8.87    0.296   -0.408  
  -8.88    0.297   -0.396  
  -8.88    0.299   -0.383  
  -8.89    0.301   -0.371  
  -8.89    0.303   -0.358  
   -8.9    0.304   -0.345  
   -8.9    0.306   -0.332  
  -8.91    0.308   -0.319  
  -8.91    0.309   -0.305  
  -8.92    0.311   -0.292  
  -8.92    0.312   -0.278  
  -8.93    0.313   -0.264  
  -8.93    0.315    -0.25  
  -8.94    0.316   -0.235  
  -8.94    0.317   -0.221  
  -8.95    0.318   -0.206  
  -8.95    0.319   -0.191  
  -8.96     0.32   -0.176  
  -8.96    0.321    -0.16  
  -8.97    0.322   -0.145  
  -8.98    0.323   -0.129  
  -8.98    0.323   -0.113  
  -8.99    0.324  -0.0966  
  -8.99    0.324  -0.0803  
     -9    0.325  -0.0637  
     -9    0.325   -0.047  
  -9.01    0.325  -0.0301  
  -9.01    0.326   -0.013  
  -9.02    0.326   0.0042  
  -9.03    0.325   0.0215  
  -9.03    0.325   0.0389  
  -9.04    0.325   0.0564  
  -9.04    0.325    0.074  
  -9.05    0.324   0.0916  
  -9.06    0.324    0.109  
  -9.06    0.323    0.127  
  -9.07    0.322    0.144  
  -9.07    0.321    0.162  
  -9.08     0.32    0.179  
  -9.09    0.319    0.196  
  -9.09    0.318    0.213  
   -9.1    0.316     0.23  
   -9.1    0.315    0.247  
  -9.11    0.314    0.263  
  -9.12    0.312    0.279  
  -9.12     0.31    0.295  
  -9.13    0.309    0.311  
  -9.13    0.307    0.327  
  -9.14    0.305    0.342  
  -9.14    0.303    0.357  
  -9.15    0.301    0.372  
  -9.15    0.299    0.386  
  -9.16    0.297    0.401  
  -9.16    0.295    0.415  
  -9.17    0.293    0.429  
  -9.17    0.291    0.442  
  -9.18    0.289    0.456  
  -9.18    0.286    0.469  
  -9.19    0.284    0.482  
  -9.19    0.281    0.494  
   -9.2    0.279    0.507  
   -9.2    0.277    0.519  
  -9.21    0.274    0.531  
  -9.21    0.272    0.543  
  -9.22    0.269    0.555  
  -9.22    0.266    0.566  
  -9.23    0.264    0.578  
  -9.23    0.261    0.589  
  -9.24    0.258      0.6  
  -9.24    0.256     0.61  
  -9.25    0.253    0.621  
  -9.25     0.25    0.631  
  -9.25    0.247    0.641  
  -9.26    0.244    0.651  
  -9.26    0.242    0.661  
  -9.27    0.239    0.671  
  -9.27    0.236     0.68  
  -9.28    0.233     0.69  
  -9.28     0.23    0.699  
  -9.28    0.227    0.708  
  -9.29    0.224    0.717  
  -9.29    0.221    0.726  
   -9.3    0.218    0.734  
   -9.3    0.215    0.742  
  -9.31    0.212    0.751  
  -9.31    0.208    0.759  
  -9.31    0.205    0.767  
  -9.32    0.202    0.774  
  -9.32    0.199    0.782  
  -9.33    0.196     0.79  
  -9.33    0.193    0.797  
  -9.33    0.189    0.804  
  -9.34    0.186    0.811  
  -9.34    0.183    0.818  
  -9.35     0.18    0.825  
  -9.35    0.176    0.831  
  -9.35    0.173    0.838  
  -9.36     0.17    0.844  
  -9.36    0.166     0.85  
  -9.37    0.163    0.856  
  -9.37     0.16    0.862  
  -9.37    0.156    0.868  
  -9.38    0.153    0.874  
  -9.38    0.149    0.879  
  -9.39    0.146    0.885  
  -9.39    0.143     0.89  
  -9.39    0.139    0.895  
   -9.4    0.136      0.9  
   -9.4    0.132    0.905  
   -9.4    0.129    0.909  
  -9.41    0.125    0.914  
  -9.41    0.122    0.918  
  -9.42    0.118    0.923  
  -9.42    0.115    0.927  
  -9.42    0.111    0.931  
  -9.43    0.108    0.935  
  -9.43    0.104    0.938  
  -9.43    0.101    0.942  
  -9.44   0.0973    0.945  
  -9.44   0.0937    0.949  
  -9.45   0.0902    0.952  
  -9.45   0.0867    0.955  
  -9.45   0.0831    0.958  
  -9.46   0.0795    0.961  
  -9.46    0.076    0.964  
  -9.46   0.0724    0.966  
  -9.47   0.0688    0.969  
  -9.47   0.0653    0.971  
  -9.48   0.0617    0.973  
  -9.48   0.0581    0.975  
  -9.48   0.0545    0.977  
  -9.49   0.0509    0.979  
  -9.49   0.0473    0.981  
  -9.49   0.0437    0.983  
   -9.5   0.0401    0.984  
   -9.5   0.0365    0.985  
   -9.5   0.0329    0.987  
  -9.51   0.0293    0.988  
  -9.51   0.0257    0.989  
  -9.52   0.0222    0.989  
  -9.52   0.0186     0.99  
  -9.52    0.015    0.991  
  -9.53   0.0114    0.991  
  -9.53  0.00777    0.991  
  -9.53  0.00418    0.992  
  -9.54  0.000595    0.992  
  -9.54  -0.00299    0.992  
  -9.54  -0.00658    0.992  
  -9.55  -0.0102    0.991  
  -9.55  -0.0137    0.991  
  -9.56  -0.0173     0.99  
  -9.56  -0.0209     0.99  
  -9.56  -0.0244    0.989  
  -9.57   -0.028    0.988  
  -9.57  -0.0316    0.987  
  -9.57  -0.0351    0.986  
  -9.58  -0.0387    0.985  
  -9.58  -0.0422    0.983  
  -9.58  -0.0457    0.982  
  -9.59  -0.0493     0.98  
  -9.59  -0.0528    0.978  
   -9.6  -0.0563    0.976  
   -9.6  -0.0598    0.974  
   -9.6  -0.0633    0.972  
  -9.61  -0.0668     0.97  
  -9.61  -0.0703    0.968  
  -9.61  -0.0738    0.965  
  -9.62  -0.0772    0.962  
  -9.62  -0.0807     0.96  
  -9.62  -0.0841    0.957  
  -9.63  -0.0876    0.954  
  -9.63   -0.091    0.951  
  -9.63  -0.0944    0.948  
  -9.64  -0.0978    0.944  
  -9.64   -0.101    0.941  
  -9.65   -0.105    0.937  
  -9.65   -0.108    0.934  
  -9.65   -0.111     0.93  
  -9.66   -0.115    0.926  
  -9.66   -0.118    0.922  
  -9.66   -0.121    0.918  
  -9.67   -0.125    0.913  
  -9.67   -0.128    0.909  
  -9.67   -0.131    0.904  
  -9.68   -0.135      0.9  
  -9.68   -0.138    0.895  
  -9.69   -0.141     0.89  
  -9.69   -0.144    0.885  
  -9.69   -0.147     0.88  
   -9.7   -0.151    0.874  
   -9.7   -0.154    0.869  
   -9.7   -0.157    0.864  
  -9.71    -0.16    0.858  
  -9.71   -0.163    0.852  
  -9.71   -0.166    0.846  
  -9.72    -0.17     0.84  
  -9.72   -0.173    0.834  
  -9.73   -0.176    0.828  
  -9.73   -0.179    0.822  
  -9.73   -0.182    0.815  
  -9.74   -0.185    0.808  
  -9.74   -0.188    0.802  
  -9.74   -0.191    0.795  
  -9.75   -0.194    0.788  
  -9.75   -0.197    0.781  
  -9.76   -0.199    0.774  
  -9.76   -0.202    0.766  
  -9.76   -0.205    0.759  
  -9.77   -0.208    0.751  
  -9.77   -0.211    0.744  
  -9.77   -0.214    0.736  
  -9.78   -0.216    0.728  
  -9.78   -0.219     0.72  
  -9.79   -0.222    0.711  
  -9.79   -0.225    0.703  
  -9.79   -0.227    0.695  
   -9.8    -0.23    0.686  
   -9.8   -0.233    0.677  
   -9.8   -0.235    0.668  
  -9.81   -0.238    0.659  
  -9.81    -0.24     0.65  
  -9.82   -0.243    0.641  
  -9.82   -0.245    0.632  
  -9.82   -0.248    0.622  
  -9.83    -0.25    0.613  
  -9.83   -0.253    0.603  
  -9.84   -0.255    0.593  
  -9.84   -0.257    0.583  
  -9.84    -0.26    0.573  
  -9.85   -0.262    0.562  
  -9.85   -0.264    0.552  
  -9.86   -0.266    0.541  
  -9.86   -0.269     0.53  
  -9.86   -0.271     0.52  
  -9.87   -0.273    0.508  
  -9.87   -0.275    0.497  
  -9.88   -0.277    0.486  
  -9.88   -0.279    0.474  
  -9.89   -0.281    0.463  
  -9.89   -0.283    0.451  
  -9.89   -0.285    0.439  
   -9.9   -0.287    0.427  
   -9.9   -0.288    0.415  
  -9.91    -0.29    0.402  
  -9.91   -0.292     0.39  
  -9.92   -0.294    0.377  
  -9.92   -0.295    0.364  
  -9.92   -0.297    0.351  
  -9.93   -0.298    0.337  
  -9.93     -0.3    0.324  
  -9.94   -0.301     0.31  
  -9.94   -0.303    0.296  
  -9.95   -0.304    0.282  
  -9.95   -0.305    0.268  
  -9.96   -0.307    0.254  
  -9.96   -0.308    0.239  
  -9.97   -0.309    0.224  
  -9.97    -0.31    0.209  
  -9.98   -0.311    0.194  
  -9.98   -0.312    0.178  
  -9.99   -0.313    0.163  
  -9.99   -0.314    0.147  
    -10   -0.314    0.131  
    -10   -0.315    0.119  

 0.0342     0.63    0.449  
 0.0671    0.645     0.45  
 0.0987    0.659    0.451  
  0.129    0.673    0.454  
  0.159    0.687    0.457  
  0.188      0.7     0.46  
  0.216    0.713    0.464  
  0.244    0.726    0.469  
  0.271    0.739    0.474  
  0.298    0.751    0.479  
  0.323    0.764    0.486  
  0.349    0.776    0.492  
  0.374    0.789    0.499  
  0.398    0.801    0.507  
  0.422    0.813    0.515  
  0.446    0.825    0.523  
  0.469    0.838    0.532  
  0.492     0.85    0.541  
  0.515    0.862    0.551  
  0.537    0.875    0.561  
  0.559    0.887    0.572  
   0.58    0.899    0.583  
  0.602    0.912    0.594  
  0.622    0.924    0.606  
  0.643    0.937    0.618  
  0.663     0.95     0.63  
  0.683    0.962    0.643  
  0.703    0.975    0.657  
  0.723    0.988     0.67  
  0.742        1    0.684  
  0.761     1.01    0.699  
   0.78     1.03    0.713  
  0.798     1.04    0.728  
  0.816     1.05    0.744  
  0.835     1.07     0.76  
  0.852     1.08    0.776  
   0.87      1.1    0.792  
  0.887     1.11    0.809  
  0.905     1.12    0.827  
  0.922     1.14    0.844  
  0.939     1.15    0.862  
  0.955     1.17     0.88  
  0.972     1.18    0.899  
  0.988      1.2    0.918  
      1     1.21    0.937  
   1.02     1.23    0.957  
   1.04     1.24    0.977  
   1.05     1.26    0.998  
   1.07     1.27     1.02  
   1.08     1.29     1.04  
    1.1      1.3     1.06  
   1.11     1.32     1.08  
   1.13     1.34     1.11  
   1.14     1.35     1.13  
   1.16     1.37     1.15  
   1.17     1.39     1.17  
   1.19      1.4      1.2  
    1.2     1.42     1.22  
   1.21     1.44     1.25  
   1.23     1.46     1.27  
   1.24     1.47      1.3  
   1.26     1.49     1.32  
   1.27     1.51     1.35  
   1.28     1.53     1.37  
    1.3     1.55      1.4  
   1.31     1.57     1.43  
   1.32     1.59     1.46  
   1.34      1.6     1.48  
   1.35     1.62     1.51  
   1.36     1.64     1.54  
   1.38     1.66     1.57  
   1.39     1.68      1.6  
    1.4      1.7     1.63  
   1.41     1.73     1.66  
   1.43     1.75     1.69  
   1.44     1.77     1.72  
   1.45     1.79     1.75  
   1.46     1.81     1.78  
   1.48     1.83     1.82  
   1.49     1.85     1.85  
    1.5     1.88     1.88  
   1.51      1.9     1.92  
   1.52     1.92     1.95  
   1.53     1.95     1.99  
   1.55     1.97     2.02  
   1.56     1.99     2.06  
   1.57     2.02     2.09  
   1.58     2.04     2.13  
   1.59     2.07     2.17  
    1.6     2.09     2.21  
   1.61     2.12     2.24  
   1.63     2.14     2.28  
   1.64     2.17     2.32  
   1.65     2.19     2.36  
   1.66     2.22      2.4  
   1.67     2.25     2.44  
   1.68     2.27     2.48  
   1.69      2.3     2.52  
    1.7     2.33     2.57  
   1.71     2.35     2.61  
   1.72     2.38     2.65  
   1.74     2.41      2.7  
   1.75     2.44     2.74  
   1.76     2.47     2.79  
   1.77      2.5     2.83  
   1.78     2.53     2.88  
   1.79     2.56     2.93  
    1.8     2.59     2.97  
   1.81     2.62     3.02  
   1.82     2.65     3.07  
   1.83     2.68     3.12  
   1.84     2.71     3.17  
   1.85     2.75     3.22  
   1.86     2.78     3.27  
   1.87     2.81     3.32  
   1.88     2.84     3.38  
   1.89     2.88     3.43  
    1.9     2.91     3.49  
   1.91     2.95     3.54  
   1.92     2.98      3.6  
   1.93     3.02     3.65  
   1.94     3.05     3.71  
   1.95     3.09     3.77  
   1.96     3.13     3.82  
   1.97     3.16     3.88  
   1.98      3.2     3.94  
   1.99     3.24        4  
   1.99     3.28     4.06  
      2     3.31     4.13  
   2.01     3.35     4.19  
   2.02     3.39     4.25  
   2.03     3.43     4.32  
   2.04     3.47     4.38  
   2.05     3.51     4.45  
   2.06     3.56     4.52  
   2.07      3.6     4.58  
   2.08     3.64     4.65  
   2.09     3.68     4.72  
    2.1     3.72     4.79  
   2.11     3.77     4.86  
   2.11     3.81     4.94  
   2.12     3.86     5.01  
   2.13      3.9     5.08  
   2.14     3.95     5.16  
   2.15     3.99     5.23  
   2.16     4.04     5.31  
   2.17     4.09     5.39  
   2.18     4.14     5.47  
   2.19     4.18     5.55  
   2.19     4.23     5.63  
    2.2     4.28     5.71  
   2.21     4.33     5.79  
   2.22     4.38     5.87  
   2.23     4.43     5.96  
   2.24     4.49     6.05  
   2.25     4.54     6.13  
   2.25     4.59     6.22  
   2.26     4.65     6.31  
   2.27      4.7      6.4  
   2.28     4.75     6.49  
   2.29     4.81     6.58  
    2.3     4.86     6.68  
   2.31     4.92     6.77  
   2.31     4.98     6.87  
   2.32     5.04     6.96  
   2.33      5.1     7.06  
   2.34     5.15     7.16  
   2.35     5.21     7.26  
   2.36     5.27     7.36  
   2.36     5.34     7.47  
   2.37      5.4     7.57  
   2.38     5.46     7.68  
   2.39     5.52     7.79  
    2.4     5.59     7.89  
    2.4     5.65        8  
   2.41     5.72     8.11  
   2.42     5.78     8.23  
   2.43     5.85     8.34  
   2.44     5.92     8.46  
   2.45     5.99     8.57  
   2.45     6.06     8.69  
   2.46     6.13     8.81  
   2.47      6.2     8.93  
   2.48     6.27     9.05  
   2.48     6.34     9.18  
   2.49     6.41      9.3  
    2.5     6.49     9.43  
   2.51     6.56     9.56  
   2.52     6.64     9.69  
   2.52     6.71     9.82  
   2.53     6.79     9.96  
   2.54     6.87     10.1  
   2.55     6.95     10.2  
   2.56     7.03     10.4  
   2.56     7.11     10.5  
   2.57     7.19     10.6  
   2.58     7.27     10.8  
   2.59     7.36     10.9  
   2.59     7.44     11.1  
    2.6     7.53     11.2  
   2.61     7.61     11.4  
   2.62      7.7     11.5  
   2.62     7.79     11.7  
   2.63     7.88     11.8  
   2.64     7.97       12  
   2.65     8.06     12.2  
   2.65     8.15     12.3  
   2.66     8.25     12.5  
   2.67     8.34     12.7  
   2.68     8.44     12.8  
   2.69     8.54       13  
   2.69     8.63     13.2  
    2.7     8.73     13.3  
   2.71     8.83     13.5  
   2.71     8.93     13.7  
   2.72     9.04     13.9  
   2.73     9.14     14.1  
   2.74     9.24     14.3  
   2.74     9.35     14.4  
   2.75     9.46     14.6  
   2.76     9.56     14.8  
   2.77     9.67       15  
   2.77     9.78     15.2  
   2.78      9.9     15.4  
   2.79       10     15.6  
    2.8     10.1     15.8  
    2.8     10.2       16  
   2.81     10.4     16.2  
   2.82     10.5     16.4  
   2.82     10.6     16.7  
   2.83     10.7     16.9  
   2.84     10.8     17.1  
   2.85       11     17.3  
   2.85     11.1     17.5  
   2.86     11.2     17.8  
   2.87     11.3       18  
   2.87     11.5     18.2  
   2.88     11.6     18.5  
   2.89     11.7     18.7  
    2.9     11.9       19  
    2.9       12     19.2  
   2.91     12.1     19.5  
   2.92     12.3     19.7  
   2.92     12.4       20  
   2.93     12.6     20.2  
   2.94     12.7     20.5  
   2.95     12.8     20.7  
   2.95       13       21  
   2.96     13.1     21.3  
   2.97     13.3     21.5  
   2.97     13.4     21.8  
   2.98     13.6     22.1  
   2.99     13.7     22.4  
   2.99     13.9     22.7  
      3       14     22.9  

