  -49.4  3.47e+03  
  -48.9  3.39e+03  
  -48.3  3.31e+03  
  -47.8  3.24e+03  
  -47.3  3.17e+03  
  -46.8  3.1e+03  
  -46.3  3.03e+03  
  -45.8  2.96e+03  
  -45.3  2.9e+03  
  -44.8  2.84e+03  
  -44.4  2.78e+03  
  -43.9  2.72e+03  
  -43.5  2.66e+03  
    -43  2.6e+03  
  -42.6  2.55e+03  
  -42.1  2.49e+03  
  -41.7  2.44e+03  
  -41.3  2.39e+03  
  -40.9  2.34e+03  
  -40.5  2.29e+03  
  -40.1  2.25e+03  
  -39.7  2.2e+03  
  -39.3  2.15e+03  
  -38.9  2.11e+03  
  -38.5  2.07e+03  
  -38.1  2.03e+03  
  -37.7  1.98e+03  
  -37.4  1.94e+03  
    -37  1.91e+03  
  -36.6  1.87e+03  
  -36.3  1.83e+03  
  -35.9  1.79e+03  
  -35.6  1.76e+03  
  -35.3  1.72e+03  
  -34.9  1.69e+03  
  -34.6  1.66e+03  
  -34.3  1.62e+03  
  -33.9  1.59e+03  
  -33.6  1.56e+03  
  -33.3  1.53e+03  
    -33  1.5e+03  
  -32.7  1.47e+03  
  -32.4  1.45e+03  
  -32.1  1.42e+03  
  -31.8  1.39e+03  
  -31.5  1.36e+03  
  -31.2  1.34e+03  
    -31  1.31e+03  
  -30.7  1.29e+03  
  -30.4  1.26e+03  
  -30.1  1.24e+03  
  -29.9  1.22e+03  
  -29.6  1.2e+03  
  -29.3  1.17e+03  
  -29.1  1.15e+03  
  -28.8  1.13e+03  
  -28.6  1.11e+03  
  -28.3  1.09e+03  
  -28.1  1.07e+03  
  -27.8  1.05e+03  
  -27.6  1.03e+03  
  -27.3  1.01e+03  
  -27.1      994  
  -26.9      976  
  -26.7      959  
  -26.4      942  
  -26.2      925  
    -26      909  
  -25.8      893  
  -25.5      877  
  -25.3      861  
  -25.1      846  
  -24.9      832  
  -24.7      817  
  -24.5      803  
  -24.3      789  
  -24.1      775  
  -23.9      762  
  -23.7      749  
  -23.5      736  
  -23.3      724  
  -23.2      711  
    -23      699  
  -22.8      688  
  -22.6      676  
  -22.4      665  
  -22.2      653  
  -22.1      642  
  -21.9      632  
  -21.7      621  
  -21.6      611  
  -21.4      601  
  -21.2      591  
  -21.1      581  
  -20.9      572  
  -20.7      562  
  -20.6      553  
  -20.4      544  
  -20.3      535  
  -20.1      527  
    -20      518  
  -19.8      510  
  -19.7      502  
  -19.5      494  
  -19.4      486  
  -19.2      478  
  -19.1      470  
    -19      463  
  -18.8      456  
  -18.7      449  
  -18.5      441  
  -18.4      435  
  -18.3      428  
  -18.1      421  
    -18      415  
  -17.9      408  
  -17.8      402  
  -17.6      396  
  -17.5      390  
  -17.4      384  
  -17.3      378  
  -17.1      372  
    -17      366  
  -16.9      361  
  -16.8      355  
  -16.7      350  
  -16.5      345  
  -16.4      339  
  -16.3      334  
  -16.2      329  
  -16.1      324  
    -16      320  
  -15.9      315  
  -15.8      310  
  -15.7      306  
  -15.6      301  
  -15.5      297  
  -15.4      292  
  -15.3      288  
  -15.2      284  
  -15.1      280  
    -15      276  
  -14.9      272  
  -14.8      268  
  -14.7      264  
  -14.6      260  
  -14.5      256  
  -14.4      253  
  -14.3      249  
  -14.2      245  
  -14.1      242  
    -14      238  
  -13.9      235  
  -13.8      232  
  -13.7      228  
  -13.7      225  
  -13.6      222  
  -13.5      219  
  -13.4      216  
  -13.3      213  
  -13.2      210  
  -13.2      207  
  -13.1      204  
    -13      201  
  -12.9      199  
  -12.8      196  
  -12.8      193  
  -12.7      190  
  -12.6      188  
  -12.5      185  
  -12.5      183  
  -12.4      180  
  -12.3      178  
  -12.2      175  
  -12.2      173  
  -12.1      171  
    -12      168  
  -11.9      166  
  -11.9      164  
  -11.8      162  
  -11.7      160  
  -11.7      158  
  -11.6      155  
  -11.5      153  
  -11.5      151  
  -11.4      149  
  -11.3      147  
  -11.3      145  
  -11.2      144  
  -11.1      142  
  -11.1      140  
    -11      138  
    -11      136  
  -10.9      134  
  -10.8      133  
  -10.8      131  
  -10.7      129  
  -10.7      128  
  -10.6      126  
  -10.5      124  
  -10.5      123  
  -10.4      121  
  -10.4      120  
  -10.3      118  
  -10.3      117  
  -10.2      115  
  -10.1      114  
  -10.1      112  
    -10      111  
  -9.98      109  
  -9.93      108  
  -9.87      107  
  -9.82      105  
  -9.77      104  
  -9.72      103  
  -9.67      101  
  -9.62      100  
  -9.57       99  
  -9.52     97.8  
  -9.47     96.6  
  -9.42     95.4  
  -9.37     94.2  
  -9.32       93  
  -9.27     91.9  
  -9.23     90.8  
  -9.18     89.7  
  -9.13     88.6  
  -9.09     87.5  
  -9.04     86.4  
     -9     85.4  
  -8.95     84.4  
  -8.91     83.3  
  -8.86     82.3  
  -8.82     81.3  
  -8.77     80.4  
  -8.73     79.4  
  -8.69     78.4  
  -8.64     77.5  
   -8.6     76.6  
  -8.56     75.7  
  -8.52     74.8  
  -8.48     73.9  
  -8.44       73  
   -8.4     72.1  
  -8.36     71.3  
  -8.32     70.5  
  -8.28     69.6  
  -8.24     68.8  
   -8.2       68  
  -8.16     67.2  
  -8.12     66.4  
  -8.08     65.6  
  -8.04     64.9  
  -8.01     64.1  
  -7.97     63.4  
  -7.93     62.6  
  -7.89     61.9  
  -7.86     61.2  
  -7.82     60.5  
  -7.79     59.8  
  -7.75     59.1  
  -7.72     58.4  
  -7.68     57.8  
  -7.65     57.1  
  -7.61     56.4  
  -7.58     55.8  
  -7.54     55.2  
  -7.51     54.5  
  -7.47     53.9  
  -7.44     53.3  
  -7.41     52.7  
  -7.38     52.1  
  -7.34     51.5  
  -7.31     50.9  
  -7.28     50.4  
  -7.25     49.8  
  -7.22     49.2  
  -7.18     48.7  
  -7.15     48.1  
  -7.12     47.6  
  -7.09     47.1  
  -7.06     46.5  
  -7.03       46  
     -7     45.5  
  -6.97       45  
  -6.94     44.5  
  -6.91       44  
  -6.88     43.5  
  -6.85       43  
  -6.82     42.6  
   -6.8     42.1  
  -6.77     41.6  
  -6.74     41.2  
  -6.71     40.7  
  -6.68     40.3  
  -6.66     39.8  
  -6.63     39.4  
   -6.6       39  
  -6.58     38.6  
  -6.55     38.1  
  -6.52     37.7  
   -6.5     37.3  
  -6.47     36.9  
  -6.44     36.5  
  -6.42     36.1  
  -6.39     35.7  
  -6.37     35.3  
  -6.34       35  
  -6.32     34.6  
  -6.29     34.2  
  -6.27     33.8  
  -6.24     33.5  
  -6.22     33.1  
  -6.19     32.8  
  -6.17     32.4  
  -6.15     32.1  
  -6.12     31.7  
   -6.1     31.4  
  -6.07     31.1  
  -6.05     30.7  
  -6.03     30.4  
  -6.01     30.1  
  -5.98     29.8  
  -5.96     29.4  
  -5.94     29.1  
  -5.92     28.8  
  -5.89     28.5  
  -5.87     28.2  
  -5.85     27.9  
  -5.83     27.6  
  -5.81     27.3  
  -5.78     27.1  
  -5.76     26.8  
  -5.74     26.5  
  -5.72     26.2  
   -5.7     25.9  
  -5.68     25.7  
  -5.66     25.4  
  -5.64     25.1  
  -5.62     24.9  
   -5.6     24.6  
  -5.58     24.4  
  -5.56     24.1  
  -5.54     23.9  
  -5.52     23.6  
   -5.5     23.4  
  -5.48     23.1  
  -5.46     22.9  
  -5.44     22.7  
  -5.42     22.4  
   -5.4     22.2  
  -5.39       22  
  -5.37     21.7  
  -5.35     21.5  
  -5.33     21.3  
  -5.31     21.1  
  -5.29     20.9  
  -5.28     20.7  
  -5.26     20.4  
  -5.24     20.2  
  -5.22       20  
  -5.21     19.8  
  -5.19     19.6  
  -5.17     19.4  
  -5.15     19.2  
  -5.14       19  
  -5.12     18.8  
   -5.1     18.6  
  -5.09     18.5  
  -5.07     18.3  
  -5.05     18.1  
  -5.04     17.9  
  -5.02     17.7  
     -5     17.5  
  -4.99     17.4  
  -4.97     17.2  
  -4.96       17  
  -4.94     16.8  
  -4.92     16.7  
  -4.91     16.5  
  -4.89     16.3  
  -4.88     16.2  
  -4.86       16  
  -4.85     15.9  
  -4.83     15.7  
  -4.82     15.5  
   -4.8     15.4  
  -4.79     15.2  
  -4.77     15.1  
  -4.76     14.9  
  -4.74     14.8  
  -4.73     14.6  
  -4.71     14.5  
   -4.7     14.3  
  -4.69     14.2  
  -4.67       14  
  -4.66     13.9  
  -4.64     13.8  
  -4.63     13.6  
  -4.62     13.5  
   -4.6     13.4  
  -4.59     13.2  
  -4.58     13.1  
  -4.56       13  
  -4.55     12.8  
  -4.54     12.7  
  -4.52     12.6  
  -4.51     12.5  
   -4.5     12.3  
  -4.48     12.2  
  -4.47     12.1  
  -4.46       12  
  -4.44     11.9  
  -4.43     11.7  
  -4.42     11.6  
  -4.41     11.5  
  -4.39     11.4  
  -4.38     11.3  
  -4.37     11.2  
  -4.36     11.1  
  -4.35     10.9  
  -4.33     10.8  
  -4.32     10.7  
  -4.31     10.6  
   -4.3     10.5  
  -4.29     10.4  
  -4.27     10.3  
  -4.26     10.2  
  -4.25     10.1  
  -4.24       10  
  -4.23     9.91  
  -4.22     9.81  
  -4.21     9.72  
   -4.2     9.62  
  -4.18     9.52  
  -4.17     9.43  
  -4.16     9.34  
  -4.15     9.24  
  -4.14     9.15  
  -4.13     9.06  
  -4.12     8.97  
  -4.11     8.88  
   -4.1      8.8  
  -4.09     8.71  
  -4.08     8.62  
  -4.07     8.54  
  -4.06     8.45  
  -4.05     8.37  
  -4.04     8.28  
  -4.03      8.2  
  -4.02     8.12  
  -4.01     8.04  
     -4     7.96  
  -3.99     7.88  
  -3.98      7.8  
  -3.97     7.73  
  -3.96     7.65  
  -3.95     7.57  
  -3.94      7.5  
  -3.93     7.42  
  -3.92     7.35  
  -3.91     7.28  
   -3.9      7.2  
  -3.89     7.13  
  -3.88     7.06  
  -3.87     6.99  
  -3.86     6.92  
  -3.85     6.85  
  -3.84     6.78  
  -3.83     6.71  
  -3.83     6.65  
  -3.82     6.58  
  -3.81     6.52  
   -3.8     6.45  
  -3.79     6.39  
  -3.78     6.32  
  -3.77     6.26  
  -3.76     6.19  
  -3.76     6.13  
  -3.75     6.07  
  -3.74     6.01  
  -3.73     5.95  
  -3.72     5.89  
  -3.71     5.83  
   -3.7     5.77  
   -3.7     5.71  
  -3.69     5.65  
  -3.68      5.6  
  -3.67     5.54  
  -3.66     5.48  
  -3.66     5.43  
  -3.65     5.37  
  -3.64     5.32  
  -3.63     5.26  
  -3.62     5.21  
  -3.62     5.16  
  -3.61      5.1  
   -3.6     5.05  
  -3.59        5  
  -3.59     4.95  
  -3.58      4.9  
  -3.57     4.85  
  -3.56      4.8  
  -3.56     4.75  
  -3.55      4.7  
  -3.54     4.65  
  -3.53      4.6  
  -3.53     4.55  
  -3.52     4.51  
  -3.51     4.46  
  -3.51     4.41  
   -3.5     4.37  
  -3.49     4.32  
  -3.48     4.28  
  -3.48     4.23  
  -3.47     4.19  
  -3.46     4.14  
  -3.46      4.1  
  -3.45     4.05  
  -3.44     4.01  
  -3.44     3.97  
  -3.43     3.93  
  -3.42     3.89  
  -3.42     3.84  
  -3.41      3.8  
   -3.4     3.76  
   -3.4     3.72  
  -3.39     3.68  
  -3.38     3.64  
  -3.38      3.6  
  -3.37     3.56  
  -3.37     3.53  
  -3.36     3.49  
  -3.35     3.45  
  -3.35     3.41  
  -3.34     3.37  
  -3.33     3.34  
  -3.33      3.3  
  -3.32     3.26  
  -3.32     3.23  
  -3.31     3.19  
   -3.3     3.16  
   -3.3     3.12  
  -3.29     3.09  
  -3.29     3.05  
  -3.28     3.02  
  -3.27     2.99  
  -3.27     2.95  
  -3.26     2.92  
  -3.26     2.89  
  -3.25     2.85  
  -3.25     2.82  
  -3.24     2.79  
  -3.23     2.76  
  -3.23     2.72  
  -3.22     2.69  
  -3.22     2.66  
  -3.21     2.63  
  -3.21      2.6  
   -3.2     2.57  
   -3.2     2.54  
  -3.19     2.51  
  -3.19     2.48  
  -3.18     2.45  
  -3.18     2.42  
  -3.17     2.39  
  -3.16     2.37  
  -3.16     2.34  
  -3.15     2.31  
  -3.15     2.28  
  -3.14     2.25  
  -3.14     2.23  
  -3.13      2.2  
  -3.13     2.17  
  -3.12     2.15  
  -3.12     2.12  
  -3.11     2.09  
  -3.11     2.07  
   -3.1     2.04  
   -3.1     2.02  
   -3.1     1.99  
  -3.09     1.96  
  -3.09     1.94  
  -3.08     1.91  
  -3.08     1.89  
  -3.07     1.87  
  -3.07     1.84  
  -3.06     1.82  
  -3.06     1.79  
  -3.05     1.77  
  -3.05     1.75  
  -3.04     1.72  
  -3.04      1.7  
  -3.04     1.68  
  -3.03     1.66  
  -3.03     1.63  
  -3.02     1.61  
  -3.02     1.59  
  -3.01     1.57  
  -3.01     1.55  
     -3     1.52  
     -3      1.5  
     -3     1.48  
  -2.99     1.46  
  -2.99     1.44  
  -2.98     1.42  
  -2.98      1.4  
  -2.98     1.38  
  -2.97     1.36  
  -2.97     1.34  
  -2.96     1.32  
  -2.96      1.3  
  -2.96     1.28  
  -2.95     1.26  
  -2.95     1.24  
  -2.94     1.22  
  -2.94      1.2  
  -2.94     1.18  
  -2.93     1.17  
  -2.93     1.15  
  -2.92     1.13  
  -2.92     1.11  
  -2.92     1.09  
  -2.91     1.07  
  -2.91     1.06  
  -2.91     1.04  
   -2.9     1.02  
   -2.9        1  
  -2.89    0.988  
  -2.89    0.971  
  -2.89    0.954  
  -2.88    0.937  
  -2.88    0.921  
  -2.88    0.904  
  -2.87    0.888  
  -2.87    0.872  
  -2.87    0.856  
  -2.86     0.84  
  -2.86    0.824  
  -2.86    0.808  
  -2.85    0.793  
  -2.85    0.777  
  -2.85    0.762  
  -2.84    0.747  
  -2.84    0.732  
  -2.84    0.717  
  -2.83    0.702  
  -2.83    0.687  
  -2.83    0.673  
  -2.82    0.658  
  -2.82    0.644  
  -2.82    0.629  
  -2.81    0.615  
  -2.81    0.601  
  -2.81    0.587  
   -2.8    0.574  
   -2.8     0.56  
   -2.8    0.546  
  -2.79    0.533  
  -2.79    0.519  
  -2.79    0.506  
  -2.78    0.493  
  -2.78     0.48  
  -2.78    0.467  
  -2.78    0.454  
  -2.77    0.441  
  -2.77    0.429  
  -2.77    0.416  
  -2.76    0.404  
  -2.76    0.391  
  -2.76    0.379  
  -2.76    0.367  
  -2.75    0.355  
  -2.75    0.343  
  -2.75    0.331  
  -2.74    0.319  
  -2.74    0.308  
  -2.74    0.296  
  -2.74    0.284  
  -2.73    0.273  
  -2.73    0.262  
  -2.73     0.25  
  -2.73    0.239  
  -2.72    0.228  
  -2.72    0.217  
  -2.72    0.206  
  -2.71    0.196  
  -2.71    0.185  
  -2.71    0.174  
  -2.71    0.164  
   -2.7    0.153  
   -2.7    0.143  
   -2.7    0.132  
   -2.7    0.122  
  -2.69    0.112  
  -2.69    0.102  
  -2.69    0.092  
  -2.69   0.0821  
  -2.68   0.0723  
  -2.68   0.0625  
  -2.68   0.0529  
  -2.68   0.0432  
  -2.68   0.0337  
  -2.67   0.0243  
  -2.67   0.0149  
  -2.67  0.00557  
  -2.67  -0.00366  
  -2.66  -0.0128  
  -2.66   -0.022  
  -2.66  -0.0312  
  -2.66  -0.0403  
  -2.65  -0.0495  
  -2.65  -0.0588  
  -2.65   -0.068  
  -2.65  -0.0773  
  -2.64  -0.0867  
  -2.64   -0.096  
  -2.64   -0.105  
  -2.64   -0.115  
  -2.64   -0.124  
  -2.63   -0.134  
  -2.63   -0.143  
  -2.63   -0.153  
  -2.63   -0.163  
  -2.62   -0.172  
  -2.62   -0.182  
  -2.62   -0.192  
  -2.62   -0.201  
  -2.61   -0.211  
  -2.61   -0.221  
  -2.61   -0.231  
  -2.61   -0.241  
   -2.6   -0.251  
   -2.6   -0.261  
   -2.6   -0.271  
  -2.59   -0.281  
  -2.59   -0.291  
  -2.59   -0.301  
  -2.59   -0.311  
  -2.58   -0.321  
  -2.58   -0.331  
  -2.58   -0.342  
  -2.58   -0.352  
  -2.57   -0.362  
  -2.57   -0.372  
  -2.57   -0.383  
  -2.56   -0.393  
  -2.56   -0.403  
  -2.56   -0.414  
  -2.56   -0.424  
  -2.55   -0.435  
  -2.55   -0.445  
  -2.55   -0.456  
  -2.54   -0.466  
  -2.54   -0.477  
  -2.54   -0.488  
  -2.54   -0.498  
  -2.53   -0.509  
  -2.53   -0.519  
  -2.53    -0.53  
  -2.52   -0.541  
  -2.52   -0.552  
  -2.52   -0.562  
  -2.51   -0.573  
  -2.51   -0.584  
  -2.51   -0.595  
  -2.51   -0.606  
   -2.5   -0.617  
   -2.5   -0.628  
   -2.5   -0.638  
  -2.49   -0.649  
  -2.49    -0.66  
  -2.49   -0.671  
  -2.48   -0.682  
  -2.48   -0.693  
  -2.48   -0.704  
  -2.47   -0.715  
  -2.47   -0.726  
  -2.47   -0.738  
  -2.46   -0.749  
  -2.46    -0.76  
  -2.46   -0.771  
  -2.45   -0.782  
  -2.45   -0.793  
  -2.45   -0.804  
  -2.44   -0.816  
  -2.44   -0.827  
  -2.44   -0.838  
  -2.43   -0.849  
  -2.43    -0.86  
  -2.43   -0.872  
  -2.42   -0.883  
  -2.42   -0.894  
  -2.42   -0.905  
  -2.41   -0.917  
  -2.41   -0.928  
  -2.41   -0.939  
   -2.4   -0.951  
   -2.4   -0.962  
   -2.4   -0.973  
  -2.39   -0.985  
  -2.39   -0.996  
  -2.39    -1.01  
  -2.38    -1.02  
  -2.38    -1.03  
  -2.37    -1.04  
  -2.37    -1.05  
  -2.37    -1.06  
  -2.36    -1.08  
  -2.36    -1.09  
  -2.36     -1.1  
  -2.35    -1.11  
  -2.35    -1.12  
  -2.34    -1.13  
  -2.34    -1.14  
  -2.34    -1.15  
  -2.33    -1.17  
  -2.33    -1.18  
  -2.33    -1.19  
  -2.32     -1.2  
  -2.32    -1.21  
  -2.31    -1.22  
  -2.31    -1.23  
  -2.31    -1.25  
   -2.3    -1.26  
   -2.3    -1.27  
   -2.3    -1.28  
  -2.29    -1.29  
  -2.29     -1.3  
  -2.28    -1.31  
  -2.28    -1.32  
  -2.28    -1.34  
  -2.27    -1.35  
  -2.27    -1.36  
  -2.26    -1.37  
  -2.26    -1.38  
  -2.26    -1.39  
  -2.25     -1.4  
  -2.25    -1.41  
  -2.24    -1.43  
  -2.24    -1.44  
  -2.23    -1.45  
  -2.23    -1.46  
  -2.23    -1.47  
  -2.22    -1.48  
  -2.22    -1.49  
  -2.21     -1.5  
  -2.21    -1.51  
  -2.21    -1.52  
   -2.2    -1.54  
   -2.2    -1.55  
  -2.19    -1.56  
  -2.19    -1.57  
  -2.18    -1.58  
  -2.18    -1.59  
  -2.18     -1.6  
  -2.17    -1.61  
  -2.17    -1.62  
  -2.16    -1.63  
  -2.16    -1.64  
  -2.15    -1.65  
  -2.15    -1.67  
  -2.15    -1.68  
  -2.14    -1.69  
  -2.14     -1.7  
  -2.13    -1.71  
  -2.13    -1.72  
  -2.12    -1.73  
  -2.12    -1.74  
  -2.12    -1.75  
  -2.11    -1.76  
  -2.11    -1.77  
   -2.1    -1.78  
   -2.1    -1.79  
  -2.09     -1.8  
  -2.09    -1.81  
  -2.08    -1.82  
  -2.08    -1.83  
  -2.07    -1.84  
  -2.07    -1.85  
  -2.07    -1.86  
  -2.06    -1.87  
  -2.06    -1.88  
  -2.05    -1.89  
  -2.05     -1.9  
  -2.04    -1.91  
  -2.04    -1.92  
  -2.03    -1.93  
  -2.03    -1.94  
  -2.02    -1.95  
  -2.02    -1.96  
  -2.01    -1.97  
  -2.01    -1.98  
  -2.01    -1.99  
     -2       -2  
     -2    -2.01  
  -1.99    -2.02  
  -1.99    -2.03  
  -1.98    -2.04  
  -1.98    -2.05  
  -1.97    -2.05  
  -1.97    -2.06  
  -1.96    -2.07  
  -1.96    -2.08  
  -1.95    -2.09  
  -1.95     -2.1  
  -1.94    -2.11  
  -1.94    -2.12  
  -1.93    -2.13  
  -1.93    -2.13  
  -1.92    -2.14  
  -1.92    -2.15  
  -1.91    -2.16  
  -1.91    -2.17  
   -1.9    -2.18  
   -1.9    -2.19  
  -1.89    -2.19  
  -1.89     -2.2  
  -1.88    -2.21  
  -1.88    -2.22  
  -1.87    -2.23  
  -1.87    -2.23  
  -1.86    -2.24  
  -1.86    -2.25  
  -1.86    -2.26  
  -1.85    -2.27  
  -1.85    -2.27  
  -1.84    -2.28  
  -1.84    -2.29  
  -1.83     -2.3  
  -1.82     -2.3  
  -1.82    -2.31  
  -1.81    -2.32  
  -1.81    -2.33  
   -1.8    -2.33  
   -1.8    -2.34  
  -1.79    -2.35  
  -1.79    -2.35  
  -1.78    -2.36  
  -1.78    -2.37  
  -1.77    -2.38  
  -1.77    -2.38  
  -1.76    -2.39  
  -1.76    -2.39  
  -1.75     -2.4  
  -1.75    -2.41  
  -1.74    -2.41  
  -1.74    -2.42  
  -1.73    -2.43  
  -1.73    -2.43  
  -1.72    -2.44  
  -1.72    -2.45  
  -1.71    -2.45  
  -1.71    -2.46  
   -1.7    -2.46  
   -1.7    -2.47  
  -1.69    -2.47  
  -1.69    -2.48  
  -1.68    -2.49  
  -1.68    -2.49  
  -1.67     -2.5  
  -1.67     -2.5  
  -1.66    -2.51  
  -1.66    -2.51  
  -1.65    -2.52  
  -1.64    -2.52  
  -1.64    -2.53  
  -1.63    -2.53  
  -1.63    -2.54  
  -1.62    -2.54  
  -1.62    -2.54  
  -1.61    -2.55  
  -1.61    -2.55  
   -1.6    -2.56  
   -1.6    -2.56  
  -1.59    -2.57  
  -1.59    -2.57  
  -1.58    -2.57  
  -1.58    -2.58  
  -1.57    -2.58  
  -1.57    -2.59  
  -1.56    -2.59  
  -1.55    -2.59  
  -1.55     -2.6  
  -1.54     -2.6  
  -1.54     -2.6  
  -1.53    -2.61  
  -1.53    -2.61  
  -1.52    -2.61  
  -1.52    -2.62  
  -1.51    -2.62  
  -1.51    -2.62  
   -1.5    -2.62  
   -1.5    -2.63  
  -1.49    -2.63  
  -1.48    -2.63  
  -1.48    -2.63  
  -1.47    -2.64  
  -1.47    -2.64  
  -1.46    -2.64  
  -1.46    -2.64  
  -1.45    -2.65  
  -1.45    -2.65  
  -1.44    -2.65  
  -1.44    -2.65  
  -1.43    -2.65  
  -1.43    -2.65  
  -1.42    -2.66  
  -1.41    -2.66  
  -1.41    -2.66  
   -1.4    -2.66  
   -1.4    -2.66  
  -1.39    -2.66  
  -1.39    -2.66  
  -1.38    -2.66  
  -1.38    -2.66  
  -1.37    -2.66  
  -1.37    -2.67  
  -1.36    -2.67  
  -1.36    -2.67  
  -1.35    -2.67  
  -1.34    -2.67  
  -1.34    -2.67  
  -1.33    -2.67  
  -1.33    -2.67  
  -1.32    -2.67  
  -1.32    -2.67  
  -1.31    -2.67  
  -1.31    -2.67  
   -1.3    -2.67  
   -1.3    -2.66  
  -1.29    -2.66  
  -1.29    -2.66  
  -1.28    -2.66  
  -1.27    -2.66  
  -1.27    -2.66  
  -1.26    -2.66  
  -1.26    -2.66  
  -1.25    -2.66  
  -1.25    -2.66  
  -1.24    -2.65  
  -1.24    -2.65  
  -1.23    -2.65  
  -1.23    -2.65  
  -1.22    -2.65  
  -1.21    -2.65  
  -1.21    -2.64  
   -1.2    -2.64  
   -1.2    -2.64  
  -1.19    -2.64  
  -1.19    -2.63  
  -1.18    -2.63  
  -1.18    -2.63  
  -1.17    -2.63  
  -1.17    -2.62  
  -1.16    -2.62  
  -1.16    -2.62  
  -1.15    -2.62  
  -1.14    -2.61  
  -1.14    -2.61  
  -1.13    -2.61  
  -1.13     -2.6  
  -1.12     -2.6  
  -1.12     -2.6  
  -1.11    -2.59  
  -1.11    -2.59  
   -1.1    -2.59  
   -1.1    -2.58  
  -1.09    -2.58  
  -1.09    -2.57  
  -1.08    -2.57  
  -1.08    -2.57  
  -1.07    -2.56  
  -1.06    -2.56  
  -1.06    -2.55  
  -1.05    -2.55  
  -1.05    -2.55  
  -1.04    -2.54  
  -1.04    -2.54  
  -1.03    -2.53  
  -1.03    -2.53  
  -1.02    -2.52  
  -1.02    -2.52  
  -1.01    -2.51  
  -1.01    -2.51  
     -1     -2.5  
 -0.996     -2.5  
 -0.991    -2.49  
 -0.986    -2.49  
  -0.98    -2.48  
 -0.975    -2.47  
  -0.97    -2.47  
 -0.965    -2.46  
 -0.959    -2.46  
 -0.954    -2.45  
 -0.949    -2.45  
 -0.944    -2.44  
 -0.939    -2.43  
 -0.933    -2.43  
 -0.928    -2.42  
 -0.923    -2.41  
 -0.918    -2.41  
 -0.913     -2.4  
 -0.908    -2.39  
 -0.902    -2.39  
 -0.897    -2.38  
 -0.892    -2.37  
 -0.887    -2.37  
 -0.882    -2.36  
 -0.877    -2.35  
 -0.872    -2.35  
 -0.866    -2.34  
 -0.861    -2.33  
 -0.856    -2.33  
 -0.851    -2.32  
 -0.846    -2.31  
 -0.841     -2.3  
 -0.836     -2.3  
 -0.831    -2.29  
 -0.826    -2.28  
 -0.821    -2.27  
 -0.816    -2.26  
 -0.811    -2.26  
 -0.806    -2.25  
 -0.801    -2.24  
 -0.796    -2.23  
 -0.791    -2.23  
 -0.786    -2.22  
 -0.781    -2.21  
 -0.776     -2.2  
 -0.771    -2.19  
 -0.766    -2.18  
 -0.761    -2.18  
 -0.756    -2.17  
 -0.751    -2.16  
 -0.746    -2.15  
 -0.741    -2.14  
 -0.736    -2.13  
 -0.732    -2.12  
 -0.727    -2.11  
 -0.722    -2.11  
 -0.717     -2.1  
 -0.712    -2.09  
 -0.707    -2.08  
 -0.702    -2.07  
 -0.698    -2.06  
 -0.693    -2.05  
 -0.688    -2.04  
 -0.683    -2.03  
 -0.678    -2.02  
 -0.674    -2.01  
 -0.669       -2  
 -0.664    -1.99  
 -0.659    -1.99  
 -0.655    -1.98  
  -0.65    -1.97  
 -0.645    -1.96  
 -0.641    -1.95  
 -0.636    -1.94  
 -0.631    -1.93  
 -0.626    -1.92  
 -0.622    -1.91  
 -0.617     -1.9  
 -0.612    -1.89  
 -0.608    -1.88  
 -0.603    -1.87  
 -0.599    -1.86  
 -0.594    -1.85  
 -0.589    -1.84  
 -0.585    -1.83  
  -0.58    -1.82  
 -0.576    -1.81  
 -0.571     -1.8  
 -0.567    -1.78  
 -0.562    -1.77  
 -0.558    -1.76  
 -0.553    -1.75  
 -0.549    -1.74  
 -0.544    -1.73  
  -0.54    -1.72  
 -0.535    -1.71  
 -0.531     -1.7  
 -0.526    -1.69  
 -0.522    -1.68  
 -0.517    -1.67  
 -0.513    -1.66  
 -0.509    -1.65  
 -0.504    -1.64  
   -0.5    -1.62  
 -0.496    -1.61  
 -0.491     -1.6  
 -0.487    -1.59  
 -0.483    -1.58  
 -0.478    -1.57  
 -0.474    -1.56  
  -0.47    -1.55  
 -0.466    -1.54  
 -0.461    -1.53  
 -0.457    -1.51  
 -0.453     -1.5  
 -0.449    -1.49  
 -0.444    -1.48  
  -0.44    -1.47  
 -0.436    -1.46  
 -0.432    -1.45  
 -0.428    -1.44  
 -0.424    -1.43  
 -0.419    -1.41  
 -0.415     -1.4  
 -0.411    -1.39  
 -0.407    -1.38  
 -0.403    -1.37  
 -0.399    -1.36  
 -0.395    -1.35  
 -0.391    -1.33  
 -0.387    -1.32  
 -0.383    -1.31  
 -0.379     -1.3  
 -0.375    -1.29  
 -0.371    -1.28  
 -0.367    -1.27  
 -0.363    -1.25  
 -0.359    -1.24  
 -0.355    -1.23  
 -0.351    -1.22  
 -0.347    -1.21  
 -0.343     -1.2  
  -0.34    -1.19  
 -0.336    -1.17  
 -0.332    -1.16  
 -0.328    -1.15  
 -0.324    -1.14  
  -0.32    -1.13  
 -0.317    -1.12  
 -0.313     -1.1  
 -0.309    -1.09  
 -0.305    -1.08  
 -0.302    -1.07  
 -0.298    -1.06  
 -0.294    -1.05  
  -0.29    -1.04  
 -0.287    -1.02  
 -0.283    -1.01  
 -0.279       -1  
 -0.276   -0.989  
 -0.272   -0.978  
 -0.269   -0.966  
 -0.265   -0.955  
 -0.261   -0.943  
 -0.258   -0.932  
 -0.254    -0.92  
 -0.251   -0.909  
 -0.247   -0.897  
 -0.244   -0.886  
  -0.24   -0.874  
 -0.237   -0.863  
 -0.233   -0.851  
  -0.23    -0.84  
 -0.226   -0.829  
 -0.223   -0.817  
  -0.22   -0.806  
 -0.216   -0.794  
 -0.213   -0.783  
 -0.209   -0.772  
 -0.206    -0.76  
 -0.203   -0.749  
 -0.199   -0.738  
 -0.196   -0.726  
 -0.193   -0.715  
 -0.189   -0.704  
 -0.186   -0.693  
 -0.183   -0.681  
  -0.18    -0.67  
 -0.176   -0.659  
 -0.173   -0.648  
  -0.17   -0.637  
 -0.167   -0.626  
 -0.164   -0.615  
 -0.161   -0.603  
 -0.157   -0.592  
 -0.154   -0.581  
 -0.151    -0.57  
 -0.148   -0.559  
 -0.145   -0.548  
 -0.142   -0.537  
 -0.139   -0.526  
 -0.136   -0.515  
 -0.133   -0.505  
  -0.13   -0.494  
 -0.127   -0.483  
 -0.124   -0.472  
 -0.121   -0.461  
 -0.118   -0.451  
 -0.115    -0.44  
 -0.112   -0.429  
 -0.109   -0.418  
 -0.106   -0.408  
 -0.103   -0.397  
   -0.1   -0.387  
-0.0976   -0.376  
-0.0947   -0.365  
-0.0919   -0.355  
-0.0891   -0.344  
-0.0863   -0.334  
-0.0835   -0.324  
-0.0807   -0.313  
 -0.078   -0.303  
-0.0752   -0.292  
-0.0725   -0.282  
-0.0698   -0.272  
-0.0671   -0.262  
-0.0644   -0.251  
-0.0618   -0.241  
-0.0591   -0.231  
-0.0565   -0.221  
-0.0538   -0.211  
-0.0512   -0.201  
-0.0486   -0.191  
-0.0461   -0.181  
-0.0435   -0.171  
-0.0409   -0.161  
-0.0384   -0.151  
-0.0359   -0.142  
-0.0334   -0.132  
-0.0309   -0.122  
-0.0284   -0.112  
-0.0259   -0.103  
-0.0235  -0.0931  
 -0.021  -0.0835  
-0.0186  -0.0739  
-0.0162  -0.0644  
-0.0138  -0.0549  
-0.0114  -0.0455  
-0.00905  -0.0361  
-0.00669  -0.0267  
-0.00435  -0.0174  
-0.00203  -0.00811  
0.000283  0.00113  
0.00258   0.0103  
0.00488   0.0195  
0.00718   0.0288  
0.00949   0.0381  
 0.0118   0.0474  
 0.0141   0.0568  
 0.0165   0.0663  
 0.0188   0.0758  
 0.0212   0.0854  
 0.0236   0.0951  
  0.026    0.105  
 0.0284    0.115  
 0.0308    0.125  
 0.0332    0.135  
 0.0357    0.145  
 0.0382    0.155  
 0.0406    0.165  
 0.0431    0.175  
 0.0456    0.186  
 0.0482    0.196  
 0.0507    0.207  
 0.0533    0.217  
 0.0558    0.228  
 0.0584    0.239  
  0.061     0.25  
 0.0636    0.261  
 0.0663    0.272  
 0.0689    0.283  
 0.0716    0.294  
 0.0743    0.305  
 0.0769    0.317  
 0.0797    0.328  
 0.0824     0.34  
 0.0851    0.351  
 0.0879    0.363  
 0.0906    0.375  
 0.0934    0.387  
 0.0962    0.399  
 0.0991    0.411  
  0.102    0.423  
  0.105    0.435  
  0.108    0.448  
   0.11     0.46  
  0.113    0.473  
  0.116    0.486  
  0.119    0.498  
  0.122    0.511  
  0.125    0.524  
  0.128    0.537  
  0.131     0.55  
  0.134    0.564  
  0.137    0.577  
   0.14    0.591  
  0.143    0.604  
  0.146    0.618  
   0.15    0.632  
  0.153    0.646  
  0.156     0.66  
  0.159    0.674  
  0.162    0.688  
  0.165    0.702  
  0.169    0.717  
  0.172    0.731  
  0.175    0.746  
  0.178    0.761  
  0.182    0.776  
  0.185    0.791  
  0.188    0.806  
  0.192    0.821  
  0.195    0.837  
  0.198    0.852  
  0.202    0.868  
  0.205    0.884  
  0.209      0.9  
  0.212    0.916  
  0.216    0.932  
  0.219    0.948  
  0.223    0.964  
  0.226    0.981  
   0.23    0.998  
  0.233     1.01  
  0.237     1.03  
   0.24     1.05  
  0.244     1.07  
  0.248     1.08  
  0.251      1.1  
  0.255     1.12  
  0.259     1.14  
  0.263     1.15  
  0.266     1.17  
   0.27     1.19  
  0.274     1.21  
  0.278     1.23  
  0.282     1.25  
  0.285     1.26  
  0.289     1.28  
  0.293      1.3  
  0.297     1.32  
  0.301     1.34  
  0.305     1.36  
  0.309     1.38  
  0.313      1.4  
  0.317     1.42  
  0.321     1.44  
  0.325     1.46  
  0.329     1.48  
  0.334      1.5  
  0.338     1.52  
  0.342     1.54  
  0.346     1.56  
   0.35     1.59  
  0.355     1.61  
  0.359     1.63  
  0.363     1.65  
  0.367     1.67  
  0.372     1.69  
  0.376     1.72  
  0.381     1.74  
  0.385     1.76  
  0.389     1.79  
  0.394     1.81  
  0.398     1.83  
  0.403     1.86  
  0.407     1.88  
  0.412      1.9  
  0.417     1.93  
  0.421     1.95  
  0.426     1.98  
  0.431        2  
  0.435     2.02  
   0.44     2.05  
  0.445     2.08  
  0.449      2.1  
  0.454     2.13  
  0.459     2.15  
  0.464     2.18  
  0.469      2.2  
  0.474     2.23  
  0.479     2.26  
  0.484     2.28  
  0.489     2.31  
  0.494     2.34  
  0.499     2.37  
  0.504      2.4  
  0.509     2.42  
  0.514     2.45  
  0.519     2.48  
  0.524     2.51  
  0.529     2.54  
  0.535     2.57  
   0.54      2.6  
  0.545     2.63  
  0.551     2.66  
  0.556     2.69  
  0.561     2.72  
  0.567     2.75  
  0.572     2.78  
  0.578     2.81  
  0.583     2.84  
  0.589     2.87  
  0.594     2.91  
    0.6     2.94  
  0.605     2.97  
  0.611        3  
  0.617     3.04  
  0.622     3.07  
  0.628      3.1  
  0.634     3.14  
   0.64     3.17  
  0.646     3.21  
  0.652     3.24  
  0.657     3.28  
  0.663     3.31  
  0.669     3.35  
  0.675     3.39  
  0.681     3.42  
  0.688     3.46  
  0.694      3.5  
    0.7     3.53  
  0.706     3.57  
  0.712     3.61  
  0.718     3.65  
  0.725     3.69  
  0.731     3.73  
  0.737     3.76  
  0.744      3.8  
   0.75     3.84  
  0.757     3.89  
  0.763     3.93  
   0.77     3.97  
  0.776     4.01  
  0.783     4.05  
  0.789     4.09  
  0.796     4.14  
  0.803     4.18  
   0.81     4.22  
  0.816     4.27  
  0.823     4.31  
   0.83     4.35  
  0.837      4.4  
  0.844     4.44  
  0.851     4.49  
  0.858     4.54  
  0.865     4.58  
  0.872     4.63  
  0.879     4.68  
  0.886     4.72  
  0.894     4.77  
  0.901     4.82  
  0.908     4.87  
  0.915     4.92  
  0.923     4.97  
   0.93     5.02  
  0.938     5.07  
  0.945     5.12  
  0.953     5.17  
   0.96     5.23  
  0.968     5.28  
  0.976     5.33  
  0.983     5.38  
  0.991     5.44  
  0.999     5.49  
   1.01     5.55  
   1.01      5.6  
   1.02     5.66  
   1.03     5.72  
   1.04     5.77  
   1.05     5.83  
   1.05     5.89  
   1.06     5.95  
   1.07     6.01  
   1.08     6.07  
   1.09     6.13  
    1.1     6.19  
    1.1     6.25  
   1.11     6.31  
   1.12     6.37  
   1.13     6.44  
   1.14      6.5  
   1.15     6.56  
   1.16     6.63  
   1.16     6.69  
   1.17     6.76  
   1.18     6.83  
   1.19     6.89  
    1.2     6.96  
   1.21     7.03  
   1.22      7.1  
   1.23     7.17  
   1.24     7.24  
   1.25     7.31  
   1.25     7.38  
   1.26     7.45  
   1.27     7.53  
   1.28      7.6  
   1.29     7.67  
    1.3     7.75  
   1.31     7.83  
   1.32      7.9  
   1.33     7.98  
   1.34     8.06  
   1.35     8.14  
   1.36     8.22  
   1.37      8.3  
   1.38     8.38  
   1.39     8.46  
    1.4     8.54  
   1.41     8.62  
   1.42     8.71  
   1.43     8.79  
   1.44     8.88  
   1.45     8.97  
   1.46     9.05  
   1.47     9.14  
   1.48     9.23  
   1.49     9.32  
    1.5     9.41  
   1.52      9.5  
   1.53      9.6  
   1.54     9.69  
   1.55     9.78  
   1.56     9.88  
   1.57     9.97  
   1.58     10.1  
   1.59     10.2  
    1.6     10.3  
   1.61     10.4  
   1.63     10.5  
   1.64     10.6  
   1.65     10.7  
   1.66     10.8  
   1.67     10.9  
   1.68       11  
    1.7     11.1  
   1.71     11.2  
   1.72     11.3  
   1.73     11.4  
   1.74     11.5  
   1.76     11.6  
   1.77     11.8  
   1.78     11.9  
   1.79       12  
   1.81     12.1  
   1.82     12.2  
   1.83     12.3  
   1.84     12.5  
   1.86     12.6  
   1.87     12.7  
   1.88     12.8  
   1.89       13  
   1.91     13.1  
   1.92     13.2  
   1.93     13.3  
   1.95     13.5  
   1.96     13.6  
   1.97     13.7  
   1.99     13.9  
      2       14  
   2.02     14.2  
   2.03     14.3  
   2.04     14.4  
   2.06     14.6  
   2.07     14.7  
   2.08     14.9  
    2.1       15  
   2.11     15.2  
   2.13     15.3  
   2.14     15.5  
   2.16     15.6  
   2.17     15.8  
   2.19     15.9  
    2.2     16.1  
   2.22     16.2  
   2.23     16.4  
   2.25     16.6  
   2.26     16.7  
   2.28     16.9  
   2.29     17.1  
   2.31     17.2  
   2.32     17.4  
   2.34     17.6  
   2.35     17.7  
   2.37     17.9  
   2.39     18.1  
    2.4     18.3  
   2.42     18.5  
   2.44     18.6  
   2.45     18.8  
   2.47       19  
   2.48     19.2  
    2.5     19.4  
   2.52     19.6  
   2.54     19.8  
   2.55       20  
   2.57     20.2  
   2.59     20.4  
    2.6     20.6  
   2.62     20.8  
   2.64       21  
   2.66     21.2  
   2.67     21.4  
   2.69     21.6  
   2.71     21.9  
   2.73     22.1  
   2.75     22.3  
   2.77     22.5  
   2.78     22.8  
    2.8       23  
   2.82     23.2  
   2.84     23.5  
   2.86     23.7  
   2.88     23.9  
    2.9     24.2  
   2.92     24.4  
   2.94     24.7  
   2.96     24.9  
   2.98     25.2  
      3     25.4  
   3.02     25.7  
   3.04       26  
   3.06     26.2  
   3.08     26.5  
    3.1     26.8  
   3.12       27  
   3.14     27.3  
   3.16     27.6  
   3.18     27.9  
    3.2     28.2  
   3.22     28.5  
   3.24     28.8  
   3.27     29.1  
   3.29     29.4  
   3.31     29.7  
   3.33       30  
   3.35     30.3  
   3.38     30.6  
    3.4     30.9  
   3.42     31.2  
   3.44     31.6  
   3.47     31.9  
   3.49     32.2  
   3.51     32.6  
   3.54     32.9  
   3.56     33.3  
   3.58     33.6  
   3.61       34  
   3.63     34.3  
   3.66     34.7  
   3.68       35  
    3.7     35.4  
   3.73     35.8  
   3.75     36.2  
   3.78     36.5  
    3.8     36.9  
   3.83     37.3  
   3.86     37.7  
   3.88     38.1  
   3.91     38.5  
   3.93     38.9  
   3.96     39.4  
   3.99     39.8  
   4.01     40.2  
   4.04     40.6  
   4.07     41.1  
   4.09     41.5  
   4.12       42  
   4.15     42.4  
   4.18     42.9  
    4.2     43.3  
   4.23     43.8  
   4.26     44.3  
   4.29     44.8  
   4.32     45.3  
   4.35     45.7  
   4.38     46.2  
   4.41     46.8  
   4.44     47.3  
   4.47     47.8  
    4.5     48.3  
   4.53     48.8  
   4.56     49.4  
   4.59     49.9  
   4.62     50.5  
   4.65       51  
   4.68     51.6  
   4.71     52.2  
   4.74     52.7  
   4.78     53.3  
   4.81     53.9  
   4.84     54.5  
   4.87     55.1  
   4.91     55.7  
   4.94     56.4  
   4.97       57  
   5.01     57.6  
   5.04     58.3  
   5.07     58.9  
   5.11     59.6  
   5.14     60.3  
   5.18     60.9  
   5.21     61.6  
   5.25     62.3  
   5.29       63  
   5.32     63.8  
   5.36     64.5  
   5.39     65.2  
   5.43       66  
   5.47     66.7  
   5.51     67.5  
   5.54     68.3  
   5.58       69  
   5.62     69.8  
   5.66     70.6  
    5.7     71.5  
   5.74     72.3  
   5.77     73.1  
   5.81       74  
   5.85     74.8  
   5.89     75.7  
   5.94     76.6  
   5.98     77.5  
   6.02     78.4  
   6.06     79.3  
    6.1     80.2  
   6.14     81.2  
   6.19     82.1  
   6.23     83.1  
   6.27     84.1  
   6.31     85.1  
   6.36     86.1  
    6.4     87.1  
   6.45     88.1  
   6.49     89.2  
   6.54     90.3  
   6.58     91.3  
   6.63     92.4  
   6.67     93.5  
   6.72     94.7  
   6.77     95.8  
   6.82     96.9  
   6.86     98.1  
   6.91     99.3  
   6.96      101  
   7.01      102  
   7.06      103  
   7.11      104  
   7.16      105  
   7.21      107  
   7.26      108  
   7.31      109  
   7.36      111  
   7.41      112  
   7.47      114  
   7.52      115  
   7.57      116  
   7.63      118  
   7.68      119  
   7.74      121  
   7.79      122  
   7.85      124  
    7.9      125  
   7.96      127  
   8.02      128  
   8.07      130  
   8.13      132  
   8.19      133  
   8.25      135  
   8.31      137  
   8.37      139  
   8.43      140  
   8.49      142  
   8.55      144  
   8.61      146  
   8.68      148  
   8.74      150  
    8.8      151  
   8.87      153  
   8.93      155  
      9      157  
   9.06      159  
   9.13      161  
   9.19      164  
   9.26      166  
   9.33      168  
    9.4      170  
   9.47      172  
   9.54      175  
   9.61      177  
   9.68      179  
   9.75      182  
   9.82      184  
    9.9      186  
   9.97      189  
     10      191  
   10.1      194  
   10.2      197  
   10.3      199  
   10.3      202  
   10.4      205  
   10.5      207  
   10.6      210  
   10.7      213  
   10.7      216  
   10.8      219  
   10.9      222  
     11      225  
   11.1      228  
   11.2      231  
   11.2      234  
   11.3      238  
   11.4      241  
   11.5      244  
   11.6      248  
   11.7      251  
   11.8      255  
   11.9      258  
   11.9      262  
     12      265  
   12.1      269  
   12.2      273  
   12.3      277  
   12.4      281  
   12.5      285  
   12.6      289  
   12.7      293  
   12.8      297  
   12.9      301  
     13      306  
   13.1      310  
   13.2      315  
   13.3      319  
   13.4      324  
   13.5      328  
   13.6      333  
   13.7      338  
   13.8      343  
     14      348  
   14.1      353  
   14.2      358  
   14.3      364  
   14.4      369  
   14.5      374  
   14.6      380  
   14.8      386  
   14.9      391  
     15      397  
   15.1      403  
   15.2      409  
   15.4      415  
   15.5      422  
   15.6      428  
   15.7      435  
   15.9      441  
     16      448  
   16.1      455  
   16.3      462  
   16.4      469  
   16.5      476  
   16.7      484  
   16.8      491  
   16.9      499  
   17.1      506  
   17.2      514  
   17.4      522  
   17.5      530  
   17.7      539  
   17.8      547  
     18      556  
   18.1      565  
   18.3      574  
   18.4      583  
   18.6      592  
   18.7      602  
   18.9      611  
   19.1      621  
   19.2      631  
   19.4      641  
   19.6      652  
   19.7      662  
   19.9      673  
   20.1      684  
   20.2      695  
   20.4      707  
   20.6      718  
   20.8      730  
     21      742  
   21.1      755  
   21.3      767  
   21.5      780  
   21.7      793  
   21.9      806  
   22.1      820  
   22.3      834  
   22.5      848  
   22.7      862  
   22.9      877  
   23.1      892  
   23.3      907  
   23.5      922  
   23.7      938  
   23.9      954  
   24.1      971  
   24.4      988  
   24.6    1e+03  
   24.8  1.02e+03  
     25  1.04e+03  
   25.3  1.06e+03  
   25.5  1.08e+03  
   25.7  1.1e+03  
     26  1.12e+03  
   26.2  1.14e+03  
   26.5  1.16e+03  
   26.7  1.18e+03  
   26.9  1.2e+03  
   27.2  1.22e+03  
   27.5  1.24e+03  
   27.7  1.26e+03  
     28  1.29e+03  
   28.2  1.31e+03  
   28.5  1.33e+03  
   28.8  1.36e+03  
     29  1.38e+03  
   29.3  1.41e+03  
   29.6  1.43e+03  
   29.9  1.46e+03  
   30.2  1.49e+03  
   30.5  1.51e+03  
   30.8  1.54e+03  
   31.1  1.57e+03  
   31.4  1.6e+03  
   31.7  1.63e+03  
     32  1.66e+03  
   32.3  1.69e+03  
   32.6  1.72e+03  
   32.9  1.76e+03  
   33.2  1.79e+03  
   33.6  1.83e+03  
   33.9  1.86e+03  
   34.2  1.9e+03  
   34.6  1.93e+03  
   34.9  1.97e+03  
   35.3  2.01e+03  
   35.6  2.05e+03  
     36  2.09e+03  
   36.4  2.13e+03  
   36.7  2.17e+03  
   37.1  2.21e+03  
   37.5  2.26e+03  
   37.9  2.3e+03  
   38.3  2.35e+03  
   38.7  2.4e+03  
   39.1  2.44e+03  
   39.5  2.49e+03  
   39.9  2.54e+03  
   40.3  2.59e+03  
   40.7  2.65e+03  
   41.1  2.7e+03  
   41.6  2.76e+03  
     42  2.81e+03  
   42.4  2.87e+03  
   42.9  2.93e+03  
   43.3  2.99e+03  
   43.8  3.05e+03  
   44.3  3.12e+03  
   44.7  3.18e+03  
   45.2  3.25e+03  
   45.7  3.32e+03  
   46.2  3.39e+03  
   46.7  3.46e+03  
   47.2  3.53e+03  
   47.7  3.61e+03  
   48.3  3.69e+03  
   48.8  3.77e+03  
   49.3  3.85e+03  
   49.9  3.93e+03  
     50  3.95e+03  



  -49.9  3.54e+03  
  -49.3  3.45e+03  
  -47.5  3.2e+03  
    -44  2.73e+03  
    -39  2.12e+03  
  -32.9  1.49e+03  
  -27.3  1.01e+03  
    -23      701  
  -19.6      498  
  -16.9      360  
  -14.7      264  
  -12.9      197  
  -11.4      148  
  -10.1      113  
  -9.07     87.1  
  -8.14     66.8  
  -7.38     52.2  
  -6.71     40.7  
  -6.16     32.3  
  -5.67     25.5  
  -5.24     20.2  
  -4.89     16.3  
  -4.57       13  
  -4.28     10.4  
  -4.04      8.3  
  -3.82     6.62  
  -3.63     5.26  
  -3.47     4.16  
  -3.32     3.26  
  -3.19     2.52  
  -3.08      1.9  
  -2.98      1.4  
  -2.89    0.978  
  -2.82    0.627  
  -2.75    0.334  
  -2.69   0.0887  
  -2.63   -0.135  
  -2.58   -0.346  
  -2.52   -0.553  
  -2.46   -0.761  
   -2.4   -0.972  
  -2.33    -1.18  
  -2.25     -1.4  
  -2.18     -1.6  
  -2.09     -1.8  
     -2    -1.99  
  -1.91    -2.17  
  -1.81    -2.32  
  -1.71    -2.45  
   -1.6    -2.56  
   -1.5    -2.63  
  -1.38    -2.66  
  -1.27    -2.66  
  -1.16    -2.62  
  -1.04    -2.54  
 -0.927    -2.42  
 -0.814    -2.26  
 -0.702    -2.07  
 -0.594    -1.85  
 -0.489     -1.6  
 -0.395    -1.35  
 -0.303    -1.08  
 -0.222   -0.815  
 -0.149   -0.564  
-0.0835   -0.324  
 -0.025  -0.0989  
 0.0311    0.126  
 0.0861    0.355  
  0.143    0.602  
  0.203    0.876  
  0.269     1.18  
   0.34     1.53  
  0.418     1.94  
  0.504      2.4  
  0.599     2.93  
  0.703     3.55  
  0.818     4.27  
  0.944     5.11  
   1.08      6.1  
   1.24     7.25  
   1.41      8.6  
   1.59     10.2  
    1.8     12.1  
   2.03     14.3  
   2.29       17  
   2.57     20.2  
   2.88       24  
   3.23     28.6  
   3.62     34.2  
   4.06       41  
   4.55     49.3  
    5.1     59.5  
   5.72       72  
   6.42     87.5  
   7.21      107  
   8.11      131  
   9.14      162  
   10.3      201  
   11.7      250  
   13.2      314  
     15      397  
   17.1      504  
   19.5      646  
   22.3      834  
   25.6  1.09e+03  
   29.5  1.43e+03  
   34.2  1.89e+03  
   39.8  2.53e+03  
   46.5  3.42e+03  
     50  3.95e+03  

