0 0
0.3 1.335
0.6 2.94
0.9 4.815
1.2 6.96
1.5 9.375
1.8 12.06
2.1 15.015
2.4 18.24
2.7 21.735
3 25.5
3.3 29.535
3.6 33.84
3.9 38.415
4.2 43.26
4.5 48.375
4.8 53.76
5.1 59.415
5.4 65.34
5.7 71.535
6 78
6.3 84.735
6.6 91.74
6.9 99.015
7.2 106.56
7.5 114.375
7.8 122.46
8.1 130.815
8.4 139.44
8.7 148.335
9 157.5
9.3 166.935
9.6 176.64
9.9 186.615
10.2 196.86
10.5 207.375
10.8 218.16
11.1 229.215
11.4 240.54
11.7 252.135
12 264
12.3 276.135
12.6 288.54
12.9 301.215
13.2 314.16
13.5 327.375
13.8 340.86
14.1 354.615
14.4 368.64
14.7 382.935
15 397.5
15.3 412.335
15.6 427.44
15.9 442.815
16.2 458.46
16.5 474.375
16.8 490.56
17.1 507.015
17.4 523.74
17.7 540.735
18 558
18.3 575.535
18.6 593.34
18.9 611.415
19.2 629.76
19.5 648.375
19.8 667.26
20.1 686.415
20.4 705.84
20.7 725.535
21 745.5
21.3 765.735
21.6 786.24
21.9 807.015
22.2 828.06
22.5 849.375
22.8 870.96
23.1 892.815
23.4 914.94
23.7 937.335
24 960
24.3 982.935
24.6 1006.14
24.9 1029.62
25.2 1053.36
25.5 1077.38
25.8 1101.66
26.1 1126.22
26.4 1151.04
26.7 1176.14
27 1201.5
27.3 1227.14
27.6 1253.04
27.9 1279.22
28.2 1305.66
28.5 1332.38
28.8 1359.36
29.1 1386.62
29.4 1414.14
29.7 1441.94
30 1470
30.3 1498.34
30.6 1526.94
30.9 1555.82
31.2 1584.96
31.5 1614.38
31.8 1644.06
32.1 1674.02
32.4 1704.24
32.7 1734.74
33 1765.5
33.3 1796.54
33.6 1827.84
33.9 1859.42
34.2 1891.26
34.5 1923.38
34.8 1955.76
35.1 1988.42
35.4 2021.34
35.7 2054.54
36 2088
36.3 2121.74
36.6 2155.74
36.9 2190.02
37.2 2224.56
37.5 2259.38
37.8 2294.46
38.1 2329.81
38.4 2365.44
38.7 2401.33
39 2437.5
39.3 2473.93
39.6 2510.64
39.9 2547.61
40.2 2584.86
40.5 2622.37
40.8 2660.16
41.1 2698.21
41.4 2736.54
41.7 2775.13
42 2814
42.3 2853.13
42.6 2892.54
42.9 2932.21
43.2 2972.16
43.5 3012.37
43.8 3052.86
44.1 3093.61
44.4 3134.64
44.7 3175.93
45 3217.5
45.3 3259.33
45.6 3301.44
45.9 3343.81
46.2 3386.46
46.5 3429.37
46.8 3472.56
47.1 3516.01
47.4 3559.74
47.7 3603.73
48 3648
48.3 3692.53
48.6 3737.34
48.9 3782.41
49.2 3827.76
49.5 3873.37
49.8 3919.26
