-10 0.0402412 -0.31468
-9.8 0.218867 -0.231863
-9.6 0.314652 -0.0609129
-9.4 0.293478 0.132939
-9.2 0.165268 0.278584
-9 -0.0221337 0.324947
-8.8 -0.202054 0.257782
-8.6 -0.313112 0.102356
-8.4 -0.319592 -0.087518
-8.2 -0.221599 -0.24904
-8 -0.0527051 -0.331252
-7.8 0.132852 -0.310301
-7.6 0.27825 -0.194934
-7.4 0.341324 -0.0215965
-7.2 0.305852 0.158217
-7 0.184281 0.293762
-6.8 0.0121045 0.349084
-6.6 -0.163526 0.3116
-6.4 -0.297138 0.193541
-6.2 -0.356421 0.0267908
-6 -0.329145 -0.146698
-5.8 -0.224352 -0.28589
-5.6 -0.0683307 -0.360172
-5.4 0.102935 -0.355317
-5.2 0.25258 -0.275027
-5 0.350761 -0.138369
-4.8 0.380037 0.0257078
-4.6 0.337496 0.185146
-4.4 0.233703 0.311229
-4.2 0.0892108 0.383467
-4 -0.0702655 0.392235
-3.8 -0.218856 0.339046
-3.6 -0.334777 0.234866
-3.4 -0.40319 0.0971062
-3.2 -0.417443 -0.0539058
-3 -0.378814 -0.19829
-2.8 -0.295098 -0.319294
-2.6 -0.178502 -0.405008
-2.4 -0.0433341 -0.449052
-2.2 0.0961454 -0.450361
-2 0.227407 -0.412303
-1.8 0.340762 -0.341406
-1.6 0.429863 -0.245963
-1.4 0.4917 -0.134724
-1.2 0.526194 -0.0158214
-1 0.535561 0.103997
-0.8 0.523574 0.219828
-0.6 0.49485 0.328792
-0.4 0.454226 0.430021
-0.2 0.406284 0.524509
-2.05391e-15 0.355028 0.614927
0.2 0.303703 0.705464
0.4 0.254742 0.801773
0.6 0.2098 0.911063
0.8 0.169846 1.04242
1 0.135292 1.20742
