1 0
2 3.31786
3 139.842
4 23.4791
5 73.3105
6 39.0992
7 44.5325
8 66.7726
9 32.5214
10 68.4107
11 27.1809
12 43.7785
13 32.3862
14 25.1161
15 52.4207
16 46.9719
17 28.3725
18 34.751
19 37.6315
20 35.5314
21 38.2724
22 25.5519
23 32.57
24 17.5315
25 27.5976
26 19.0145
27 22.1571
28 18.6571
29 32.0151
30 30.5506
31 21.8005
32 17.3313
33 25.5814
34 18.4485
35 21.0214
36 33.6016
37 16.7035
38 19.788
39 25.2254
40 23.0791
41 21.9068
42 21.735
43 15.6901
44 24.3111
45 20.8561
46 24.5798
47 12.545
48 20.2058
49 19.4356
50 24.2032
51 14.1447
52 22.5289
53 21.62
54 22.3575
55 16.5355
56 24.3373
57 20.2159
58 19.2884
59 19.0221
60 18.1621
61 18.4846
62 19.7246
63 19.9342
64 16.7415
65 13.6825
66 13.3713
67 18.8466
68 14.6633
69 14.2957
70 21.4639
71 17.511
72 20.2679
73 18.7849
74 13.0224
75 15.8706
76 18.8727
77 19.7019
78 16.3084
79 11.5404
80 14.9551
81 14.222
82 15.7582
83 14.495
84 11.0286
85 13.2542
86 12.7769
87 14.1732
88 15.2266
89 14.8109
90 16.6099
91 15.5085
92 15.5825
93 13.8337
94 12.2863
95 12.6566
96 16.7692
97 14.3473
98 13.1635
99 12.6091
100 13.3796
101 15.5491
102 10.6953
103 14.662
104 13.3174
105 14.0235
106 11.0374
107 15.6859
108 10.7668
109 11.7733
110 13.5657
111 11.2996
112 14.6838
113 13.2602
114 13.3884
115 14.1413
116 11.4561
117 11.4325
118 13.2599
119 13.3409
120 13.8609
121 10.894
122 10.8056
123 13.5281
124 10.7409
125 11.022
126 11.9456
127 13.5544
128 12.4642
129 11.0421
130 12.8234
131 12.4111
132 11.7119
133 12.02
134 12.7084
135 9.42538
136 11.7105
137 12.348
138 12.0474
139 12.4193
140 12.2677
141 12.5929
142 10.6333
143 11.7716
144 12.3998
145 10.7766
146 10.8703
147 11.9943
148 11.353
149 11.507
150 13.3019
151 10.0747
152 11.9332
153 9.39495
154 13.234
155 11.2589
156 12.6754
157 11.7859
158 10.5457
159 11.9245
160 12.2135
161 10.5855
162 9.10959
163 11.7819
164 11.301
165 10.9497
166 10.2286
167 10.3926
168 10.2835
169 10.0818
170 11.4934
171 8.7589
172 10.8591
173 13.1742
174 9.54789
175 9.03028
176 11.1689
177 10.9186
178 9.32257
179 11.9418
180 11.0404
181 11.4066
182 11.0349
183 9.14777
184 9.37964
185 10.8172
186 9.81452
187 10.9998
188 10.7298
189 10.238
190 9.74237
191 10.3375
192 10.2587
193 8.51355
194 10.5359
195 8.24112
196 8.49725
197 9.82359
198 10.3343
199 9.10944
200 10.0403
201 9.53448
202 8.45703
203 10.6229
204 9.35225
205 9.08986
206 9.47923
207 8.68527
208 9.5186
209 8.59054
210 9.45743
211 10.2933
212 10.086
213 9.19068
214 9.18036
215 7.99257
216 9.90249
217 9.54293
218 8.25766
219 8.8121
220 8.61141
221 9.94225
222 9.79742
223 9.0194
224 10.834
225 8.00318
226 8.15654
227 10.4822
228 10.1346
229 8.23063
230 9.08601
231 9.34755
232 9.98858
233 9.56329
234 8.13732
235 8.17164
236 9.63116
237 10.065
238 8.86377
239 9.85683
240 9.77849
241 8.65267
242 8.75631
243 9.7925
244 9.03067
245 8.29002
246 8.71392
247 9.33102
248 8.28179
249 7.67242
250 9.1004
251 8.16391
252 8.92354
253 10.0258
254 8.42271
255 9.68404
256 8.54778
257 8.52392
258 9.16665
259 8.69007
260 8.73928
261 7.90924
262 8.27538
263 9.0064
264 8.57207
265 9.03385
266 7.56178
267 8.8444
268 8.58973
269 8.2776
270 8.42253
271 8.42107
272 8.39857
273 9.20461
274 9.78436
275 8.4215
276 9.48052
277 8.98092
278 7.36945
279 7.48686
280 8.01467
281 8.48397
282 7.20026
283 8.61339
284 8.34874
285 8.2825
286 8.17769
287 8.29385
288 8.48842
289 8.34076
290 9.36944
291 8.41923
292 8.07832
293 8.40735
294 7.96724
295 8.12118
296 7.19252
297 8.4148
298 8.23271
299 8.03095
300 8.93297
301 8.20195
302 6.80808
303 8.66652
304 7.172
305 8.58278
306 8.39422
307 8.80433
308 8.22355
309 9.01562
310 7.97625
311 8.15279
312 9.10796
313 8.61692
314 8.59939
315 8.62101
316 8.29838
317 6.62241
318 8.22215
319 8.79643
320 7.88149
321 7.52949
322 6.99152
323 7.58616
324 7.92259
325 8.1652
326 6.8969
327 7.37278
328 7.9068
329 8.516
330 6.76728
331 7.156
332 7.76611
333 8.08767
334 7.72679
335 7.99527
336 7.76259
337 8.0334
338 7.12737
339 7.64623
340 7.48201
341 7.96401
342 6.95532
343 8.17732
344 8.06249
345 7.92144
346 6.97681
347 7.17988
348 7.88378
349 7.20551
350 7.13182
351 7.64469
352 7.18254
353 8.24271
354 7.643
355 7.78699
356 6.99018
357 7.726
358 6.96099
359 6.89145
360 7.67442
361 6.84177
362 7.02923
363 7.33665
364 7.87803
365 7.38896
366 8.03537
367 7.52516
368 7.55067
369 6.85467
370 6.86317
371 7.76782
372 7.81893
373 7.20485
374 6.89884
375 7.51661
376 7.29315
377 7.7048
378 6.92406
379 7.47052
380 6.54487
381 7.0562
382 7.16842
383 7.09473
384 6.9888
385 7.27614
386 6.36719
387 6.91777
388 7.07164
389 6.7124
390 5.95127
391 7.15848
392 6.98493
393 7.81197
394 6.78621
395 6.72721
396 7.34433
397 7.82874
398 6.96549
399 6.51239
400 7.40296
401 7.41446
402 7.22281
403 7.20592
404 6.9987
405 6.41493
406 6.87465
407 7.10536
408 6.99817
409 7.28494
410 6.47103
411 7.16017
412 6.96222
413 6.58354
414 6.44385
415 6.96026
416 7.22494
417 7.06466
418 6.94867
419 7.21694
420 6.90528
421 6.2389
422 6.45119
423 6.95796
424 6.90269
425 7.11193
426 6.60359
427 7.28799
428 7.28668
429 6.98891
430 6.03104
431 5.99831
432 6.90183
433 5.92594
434 7.05725
435 6.7979
436 6.21301
437 7.07651
438 6.16708
439 7.22778
440 6.30063
441 6.70957
442 7.35767
443 6.65752
444 7.03007
445 7.09285
446 6.7429
447 6.16778
448 6.3325
449 6.56797
450 7.1378
451 6.46484
452 6.33688
453 5.87477
454 7.0987
455 6.4811
456 6.73579
457 6.27862
458 6.2667
459 6.4364
460 7.23358
461 6.39676
462 6.74722
463 6.2254
464 6.58489
465 6.17804
466 6.17055
467 6.42045
468 5.70768
469 6.08143
470 6.58199
471 6.89874
472 6.93849
473 6.43222
474 5.83235
475 6.1527
476 6.03472
477 5.89355
478 6.63405
479 6.01837
480 6.80183
481 7.138
482 6.21397
483 6.24546
484 6.31143
485 6.23471
486 6.06537
487 5.77881
488 6.22373
489 6.01246
490 6.0433
491 6.19264
492 6.70221
493 6.33668
494 6.20435
495 5.96705
496 6.68494
497 6.64608
498 6.16089
499 6.92711
500 6.40069
501 6.29904
502 6.65718
503 6.12713
504 6.96509
505 6.3715
506 5.95311
507 5.78158
508 6.51305
509 6.61163
510 6.42161
511 6.61029
512 6.05826
513 5.88409
514 6.03789
515 6.31485
516 6.1407
517 6.32781
518 6.13812
519 5.72016
520 6.12899
521 6.35349
522 5.98218
523 6.40738
524 6.31741
525 6.63065
526 6.49753
527 6.08345
528 5.91892
529 6.33501
530 6.53149
531 5.8683
532 5.93391
533 6.65854
534 5.89485
535 6.25696
536 6.06545
537 6.15131
538 5.79674
539 6.15503
540 5.54665
541 6.16138
542 5.97113
543 6.03142
544 6.09915
545 6.36779
546 5.72224
547 6.32923
548 6.34995
549 5.88091
550 6.13923
551 6.01066
552 6.19566
553 6.45226
554 6.05643
555 5.83607
556 6.11152
557 6.14994
558 5.67101
559 5.71957
560 6.46105
561 5.85622
562 5.6601
563 5.58789
564 5.83536
565 5.76027
566 5.5063
567 6.23337
568 5.55581
569 5.94093
570 5.88169
571 5.4237
572 6.00981
573 5.90624
574 6.36855
575 5.66945
576 5.80887
577 5.95204
578 5.51237
579 5.87869
580 5.64672
581 5.87882
582 5.72057
583 5.57745
584 5.97251
585 6.29442
586 5.76838
587 6.01527
588 6.49549
589 5.73621
590 5.46862
591 5.58175
592 6.24004
593 5.92758
594 5.56645
595 5.58536
596 6.05152
597 6.3084
598 5.65815
599 5.68203
600 5.62301
601 5.59188
602 5.73387
603 5.83618
604 5.45408
605 5.90097
606 5.56189
607 5.893
608 5.93232
609 5.63963
610 5.89784
611 5.84805
612 6.04009
613 5.80521
614 5.41659
615 5.77567
616 5.1166
617 5.36479
618 6.00618
619 5.63112
620 5.70837
621 5.50815
622 5.31991
623 5.75317
624 5.93959
625 5.29626
626 5.33577
627 5.59358
628 5.52469
629 5.71455
630 5.82615
631 5.78661
632 5.52454
633 5.50083
634 5.84014
635 5.22901
636 6.05504
637 5.68468
638 5.44883
639 6.01061
640 5.61926
641 5.65587
642 5.30578
643 5.33561
644 5.92476
645 5.53652
646 5.5935
647 5.35552
648 5.49256
649 4.99928
650 5.43007
651 5.5358
652 5.04685
653 5.5722
654 5.34097
655 5.15
656 5.77204
657 5.63238
658 5.31157
659 5.76374
660 5.9445
661 5.26142
662 5.67166
663 4.87309
664 5.53008
665 5.31436
666 6.05406
667 5.12128
668 5.47766
669 5.29334
670 5.31356
671 5.16664
672 5.54514
673 5.37395
674 5.3461
675 4.73868
676 5.24348
677 5.52174
678 5.6853
679 5.17832
680 5.2447
681 5.50311
682 5.57969
683 5.61465
684 5.33206
685 5.18352
686 5.26245
687 5.36603
688 5.91692
689 5.04256
690 5.51769
691 5.49141
692 4.87529
693 5.44875
694 5.40623
695 5.53102
696 5.48191
697 5.32573
698 5.46287
699 5.26256
700 5.46508
701 5.13269
702 5.52664
703 5.63066
704 5.39796
705 5.22796
706 5.20955
707 5.26626
708 5.485
709 5.59614
710 5.53264
711 4.87664
712 5.02288
713 5.23986
714 5.34538
715 5.21787
716 5.21986
717 5.20296
718 5.03968
719 5.23117
720 5.14391
721 4.81152
722 5.32245
723 4.81805
724 5.49322
725 4.78115
726 4.50427
727 5.23299
728 5.4905
729 5.06214
730 5.07505
731 4.96217
732 5.39378
733 4.81346
734 5.10814
735 5.44501
736 5.28688
737 5.10232
738 4.59943
739 5.25682
740 5.24112
741 5.18255
742 5.09115
743 5.49719
744 5.1527
745 5.05401
746 5.01918
747 5.05212
748 4.98773
749 5.17718
750 5.01352
751 5.24534
752 4.89467
753 5.09688
754 5.53102
755 5.30541
756 5.1764
757 4.67578
758 5.15027
759 4.987
760 5.05714
761 5.21178
762 5.33441
763 4.60732
764 5.47279
765 5.30424
766 5.12406
767 5.04979
768 5.15766
769 4.99715
770 5.2836
771 4.93402
772 4.66749
773 4.84763
774 5.29235
775 5.1079
776 5.01321
777 4.93137
778 5.52512
779 4.99197
780 4.82008
781 5.19138
782 4.57087
783 4.9631
784 5.06671
785 5.36836
786 5.02297
787 5.17368
788 5.14049
789 5.08906
790 4.96359
791 4.97056
792 4.86448
793 4.89265
794 4.98262
795 4.77276
796 4.95216
797 5.10988
798 4.79855
799 4.90694
800 4.88714
801 4.77706
802 4.94145
803 4.69925
804 4.92875
805 4.96978
806 4.85572
807 5.07992
808 5.06194
809 4.83516
810 5.03108
811 4.98963
812 5.40807
813 5.07448
814 4.81959
815 5.24491
816 4.48623
817 5.07195
818 4.69788
819 4.37095
820 4.67456
821 4.67523
822 4.90581
823 4.67192
824 4.96104
825 4.74072
826 4.86358
827 4.85574
828 5.02074
829 5.11346
830 4.77433
831 4.74348
832 4.74873
833 5.29594
834 4.92308
835 4.56233
836 4.44836
837 4.78638
838 4.32385
839 4.94412
840 4.73235
841 4.9778
842 5.06313
843 4.99836
844 4.79448
845 5.1977
846 4.77188
847 5.07621
848 4.95425
849 4.91205
850 4.78129
851 4.75393
852 4.85112
853 4.9363
854 4.95616
855 4.55414
856 4.81856
857 4.96416
858 4.87635
859 4.4566
860 4.67696
861 4.96424
862 4.6593
863 4.60669
864 4.59025
865 4.99125
866 4.66966
867 4.79862
868 4.42325
869 4.78595
870 4.90806
871 4.65198
872 4.87138
873 4.84351
874 4.51402
875 4.76753
876 4.75864
877 4.75185
878 4.58668
879 4.73477
880 4.8604
881 4.67867
882 4.59282
883 4.82776
884 4.70165
885 4.62578
886 4.74708
887 4.65956
888 4.3788
889 4.72339
890 4.66457
891 4.74069
892 4.79201
893 4.94219
894 4.72109
895 4.80432
896 4.73527
897 4.87364
898 4.73659
899 4.86348
900 4.37421
901 4.55716
902 4.34369
903 4.64049
904 4.56963
905 4.82307
906 4.56055
907 4.47716
908 4.65642
909 4.44677
910 4.57874
911 4.47865
912 4.58837
913 4.71816
914 4.77129
915 4.96022
916 4.39331
917 4.72587
918 4.60825
919 4.77063
920 4.87592
921 4.28013
922 4.66403
923 4.67176
924 4.81866
925 4.94898
926 4.43252
927 4.66622
928 4.50596
929 4.60074
930 4.59497
931 4.32313
932 4.78812
933 4.42013
934 4.70488
935 4.7136
936 4.58123
937 4.5999
938 4.57294
939 4.51633
940 4.44715
941 5.02316
942 4.7623
943 4.86885
944 4.55319
945 4.51357
946 4.78459
947 4.60113
948 4.86117
949 4.48896
950 4.39429
951 4.24621
952 4.30198
953 4.63123
954 4.3127
955 4.38985
956 4.77778
957 4.46508
958 4.68892
959 4.29412
960 4.61648
961 4.67859
962 4.5645
963 4.73816
964 4.26211
965 4.24052
966 4.76378
967 4.55308
968 4.47452
969 4.66077
970 4.61129
971 4.7621
972 4.19163
973 4.96101
974 4.51532
975 4.5189
976 4.52029
977 4.60578
978 4.74992
979 4.61902
980 4.65701
981 4.5199
982 4.39997
983 4.04877
984 4.53462
985 4.21548
986 4.37503
987 4.46507
988 4.44861
989 4.34915
990 4.39048
991 4.30274
992 4.69557
993 4.23294
994 4.49823
995 4.45096
996 4.40037
997 4.2862
998 4.54895
999 4.40455
1000 4.45456
