1 1 1 1
1.01 1 0.991031 0.991031
1.02 1 0.982067 0.982067
1.03 1 0.973114 0.973114
1.04 1 0.964178 0.964178
1.05 1 0.955262 0.955262
1.06 1 0.946374 0.946374
1.07 1 0.937518 0.937518
1.08 1 0.9287 0.9287
1.09 1 0.919924 0.919924
1.1 1 0.911198 0.911198
1.11 1 0.902525 0.902525
1.12 1 0.893911 0.893911
1.13 1 0.885361 0.885361
1.14 1 0.876882 0.876882
1.15 1 0.868478 0.868478
1.16 1 0.860155 0.860155
1.17 1 0.851918 0.851918
1.18 1 0.843772 0.843772
1.19 1 0.835724 0.835724
1.2 1 0.827777 0.827777
1.21 1 0.819938 0.819938
1.22 1 0.812212 0.812212
1.23 1 0.804605 0.804605
1.24 1 0.797121 0.797121
1.25 1 0.789767 0.789767
1.26 1 0.782547 0.782547
1.27 1 0.775467 0.775467
1.28 1 0.768532 0.768532
1.29 1 0.761748 0.761748
1.3 1 0.755121 0.755121
1.31 1 0.748654 0.748654
1.32 1 0.742355 0.742355
1.33 1 0.736227 0.736227
1.34 1 0.730277 0.730277
1.35 1 0.724511 0.724511
1.36 1 0.718932 0.718932
1.37 1 0.713548 0.713548
1.38 1 0.708362 0.708362
1.39 1 0.703381 0.703381
1.4 1 0.69861 0.69861
1.41 1 0.694054 0.694054
1.42 1 0.689719 0.689719
1.43 1 0.68561 0.68561
1.44 1 0.681732 0.681732
1.45 1 0.678091 0.678091
1.46 1 0.674692 0.674692
1.47 1 0.671541 0.671541
1.48 1 0.668643 0.668643
1.49 1 0.666003 0.666003
1.5 1 0.663627 0.663627
1.51 1 0.66152 0.66152
1.52 1 0.659688 0.659688
1.53 1 0.658135 0.658135
1.54 1 0.656867 0.656867
1.55 1 0.655891 0.655891
1.56 1 0.65521 0.65521
1.57 1 0.65483 0.65483
1.58 1 0.654758 0.654758
1.59 1 0.654997 0.654997
1.6 1 0.655554 0.655554
1.61 1 0.656434 0.656434
1.62 1 0.657642 0.657642
1.63 1 0.659184 0.659184
1.64 1 0.661065 0.661065
1.65 1 0.663291 0.663291
1.66 1 0.665866 0.665866
1.67 1 0.668797 0.668797
1.68 1 0.672088 0.672088
1.69 1 0.675745 0.675745
1.7 1 0.679773 0.679773
1.71 1 0.684178 0.684178
1.72 1 0.688965 0.688965
1.73 1 0.69414 0.69414
1.74 1 0.699708 0.699708
1.75 1 0.705674 0.705674
1.76 1 0.712043 0.712043
1.77 1 0.718822 0.718822
1.78 1 0.726015 0.726015
1.79 1 0.733628 0.733628
1.8 1 0.741666 0.741666
1.81 1 0.750134 0.750134
1.82 1 0.759039 0.759039
1.83 1 0.768384 0.768384
1.84 1 0.778177 0.778177
1.85 1 0.788421 0.788421
1.86 1 0.799124 0.799124
1.87 1 0.810288 0.810288
1.88 1 0.821922 0.821922
1.89 1 0.834028 0.834028
1.9 1 0.846614 0.846614
1.91 1 0.859684 0.859684
1.92 1 0.873244 0.873244
1.93 1 0.887299 0.887299
1.94 1 0.901854 0.901854
1.95 1 0.916916 0.916916
1.96 1 0.932489 0.932489
1.97 1 0.948578 0.948578
1.98 1 0.965189 0.965189
1.99 1 0.982328 0.982328
2 1 1 1
2.01 1 1.0182 1.0182
2.02 1 1.03692 1.03692
2.03 1 1.05612 1.05612
2.04 1 1.07578 1.07578
2.05 1 1.09587 1.09587
2.06 1 1.11636 1.11636
2.07 1 1.13723 1.13723
2.08 1 1.15845 1.15845
2.09 1 1.17999 1.17999
2.1 1 1.20182 1.20182
2.11 1 1.22393 1.22393
2.12 1 1.24628 1.24628
2.13 1 1.26884 1.26884
2.14 1 1.29159 1.29159
2.15 1 1.31451 1.31451
2.16 1 1.33756 1.33756
2.17 1 1.36071 1.36071
2.18 1 1.38395 1.38395
2.19 1 1.40724 1.40724
2.2 1 1.43056 1.43056
2.21 1 1.45387 1.45387
2.22 1 1.47717 1.47717
2.23 1 1.5004 1.5004
2.24 1 1.52356 1.52356
2.25 1 1.54661 1.54661
2.26 1 1.56952 1.56952
2.27 1 1.59227 1.59227
2.28 1 1.61484 1.61484
2.29 1 1.63718 1.63718
2.3 1 1.65929 1.65929
2.31 1 1.68113 1.68113
2.32 1 1.70267 1.70267
2.33 1 1.72389 1.72389
2.34 1 1.74476 1.74476
2.35 1 1.76525 1.76525
2.36 1 1.78534 1.78534
2.37 1 1.80499 1.80499
2.38 1 1.82419 1.82419
2.39 1 1.84291 1.84291
2.4 1 1.86111 1.86111
2.41 1 1.87878 1.87878
2.42 1 1.89588 1.89588
2.43 1 1.91239 1.91239
2.44 1 1.92828 1.92828
2.45 1 1.94353 1.94353
2.46 1 1.9581 1.9581
2.47 1 1.97197 1.97197
2.48 1 1.98511 1.98511
2.49 1 1.99751 1.99751
2.5 1 2.00912 2.00912
2.51 1 2.01992 2.01992
2.52 1 2.02989 2.02989
2.53 1 2.039 2.039
2.54 1 2.04722 2.04722
2.55 1 2.05453 2.05453
2.56 1 2.06089 2.06089
2.57 1 2.06629 2.06629
2.58 1 2.07069 2.07069
2.59 1 2.07407 2.07407
2.6 1 2.07639 2.07639
2.61 1 2.07764 2.07764
2.62 1 2.07779 2.07779
2.63 1 2.07681 2.07681
2.64 1 2.07467 2.07467
2.65 1 2.07135 2.07135
2.66 1 2.06681 2.06681
2.67 1 2.06104 2.06104
2.68 1 2.054 2.054
2.69 1 2.04568 2.04568
2.7 1 2.03603 2.03603
2.71 1 2.02504 2.02504
2.72 1 2.01267 2.01267
2.73 1 1.99891 1.99891
2.74 1 1.98372 1.98372
2.75 1 1.96707 1.96707
2.76 1 1.94895 1.94895
2.77 1 1.92932 1.92932
2.78 1 1.90815 1.90815
2.79 1 1.88543 1.88543
2.8 1 1.86111 1.86111
2.81 1 1.83519 1.83519
2.82 1 1.80762 1.80762
2.83 1 1.77838 1.77838
2.84 1 1.74745 1.74745
2.85 1 1.71479 1.71479
2.86 1 1.68039 1.68039
2.87 1 1.64421 1.64421
2.88 1 1.60622 1.60622
2.89 1 1.56641 1.56641
2.9 1 1.52474 1.52474
2.91 1 1.48119 1.48119
2.92 1 1.43572 1.43572
2.93 1 1.38832 1.38832
2.94 1 1.33896 1.33896
2.95 1 1.2876 1.2876
2.96 1 1.23422 1.23422
2.97 1 1.1788 1.1788
2.98 1 1.12131 1.12131
2.99 1 1.06172 1.06172
3 1 1 1
3.01 1 0.936151 0.936151
3.02 1 0.870252 0.870252
3.03 1 0.802404 0.802404
3.04 1 0.73271 0.73271
3.05 1 0.661273 0.661273
3.06 1 0.588194 0.588194
3.07 1 0.513575 0.513575
3.08 1 0.43752 0.43752
3.09 1 0.36013 0.36013
3.1 1 0.281508 0.281508
3.11 1 0.201755 0.201755
3.12 1 0.120974 0.120974
3.13 1 0.039268 0.039268
3.14 1 -0.0432617 -0.0432617
3.15 1 -0.126513 -0.126513
3.16 1 -0.210383 -0.210383
3.17 1 -0.294769 -0.294769
3.18 1 -0.37957 -0.37957
3.19 1 -0.464683 -0.464683
3.2 1 -0.550006 -0.550006
3.21 1 -0.635437 -0.635437
3.22 1 -0.720873 -0.720873
3.23 1 -0.806212 -0.806212
3.24 1 -0.891352 -0.891352
3.25 1 -0.97619 -0.97619
3.26 1 -1.06063 -1.06063
3.27 1 -1.14455 -1.14455
3.28 1 -1.22788 -1.22788
3.29 1 -1.31049 -1.31049
3.3 1 -1.39228 -1.39228
3.31 1 -1.47317 -1.47317
3.32 1 -1.55303 -1.55303
3.33 1 -1.63178 -1.63178
3.34 1 -1.7093 -1.7093
3.35 1 -1.7855 -1.7855
3.36 1 -1.86028 -1.86028
3.37 1 -1.93352 -1.93352
3.38 1 -2.00514 -2.00514
3.39 1 -2.07502 -2.07502
3.4 1 -2.14307 -2.14307
3.41 1 -2.20918 -2.20918
3.42 1 -2.27325 -2.27325
3.43 1 -2.33517 -2.33517
3.44 1 -2.39486 -2.39486
3.45 1 -2.45219 -2.45219
3.46 1 -2.50708 -2.50708
3.47 1 -2.55942 -2.55942
3.48 1 -2.6091 -2.6091
3.49 1 -2.65603 -2.65603
3.5 1 -2.7001 -2.7001
3.51 1 -2.74121 -2.74121
3.52 1 -2.77926 -2.77926
3.53 1 -2.81414 -2.81414
3.54 1 -2.84576 -2.84576
3.55 1 -2.87401 -2.87401
3.56 1 -2.89878 -2.89878
3.57 1 -2.91998 -2.91998
3.58 1 -2.93751 -2.93751
3.59 1 -2.95126 -2.95126
3.6 1 -2.96113 -2.96113
3.61 1 -2.96701 -2.96701
3.62 1 -2.96881 -2.96881
3.63 1 -2.96643 -2.96643
3.64 1 -2.95975 -2.95975
3.65 1 -2.94868 -2.94868
3.66 1 -2.93312 -2.93312
3.67 1 -2.91296 -2.91296
3.68 1 -2.8881 -2.8881
3.69 1 -2.85845 -2.85845
3.7 1 -2.82389 -2.82389
3.71 1 -2.78432 -2.78432
3.72 1 -2.73965 -2.73965
3.73 1 -2.68977 -2.68977
3.74 1 -2.63457 -2.63457
3.75 1 -2.57396 -2.57396
3.76 1 -2.50784 -2.50784
3.77 1 -2.43609 -2.43609
3.78 1 -2.35863 -2.35863
3.79 1 -2.27534 -2.27534
3.8 1 -2.18612 -2.18612
3.81 1 -2.09088 -2.09088
3.82 1 -1.98951 -1.98951
3.83 1 -1.88191 -1.88191
3.84 1 -1.76797 -1.76797
3.85 1 -1.64759 -1.64759
3.86 1 -1.52068 -1.52068
3.87 1 -1.38712 -1.38712
3.88 1 -1.24682 -1.24682
3.89 1 -1.09967 -1.09967
3.9 1 -0.945581 -0.945581
3.91 1 -0.784436 -0.784436
3.92 1 -0.61614 -0.61614
3.93 1 -0.440588 -0.440588
3.94 1 -0.257679 -0.257679
3.95 1 -0.067311 -0.067311
3.96 1 0.130619 0.130619
3.97 1 0.336213 0.336213
3.98 1 0.549573 0.549573
3.99 1 0.770801 0.770801
4 1 1 1
4.01 1.00864 1.23722 1.22574
4.02 1.03434 1.48231 1.43683
4.03 1.07673 1.73505 1.63378
4.04 1.13549 1.99524 1.81706
4.05 1.21025 2.26267 1.98717
4.06 1.30067 2.53713 2.14459
4.07 1.40641 2.81842 2.28981
4.08 1.5271 3.10632 2.42331
4.09 1.66242 3.40063 2.5456
4.1 1.812 3.70115 2.65715
4.11 1.9755 4.00765 2.75845
4.12 2.15258 4.31994 2.84998
4.13 2.34287 4.6378 2.93225
4.14 2.54605 4.96103 3.00573
4.15 2.76175 5.28942 3.07092
4.16 2.98963 5.62276 3.12829
4.17 3.22935 5.96084 3.17835
4.18 3.48054 6.30346 3.22157
4.19 3.74288 6.6504 3.25845
4.2 4.016 7.00147 3.28947
4.21 4.29956 7.35644 3.31512
4.22 4.59322 7.71512 3.33589
4.23 4.89661 8.07729 3.35226
4.24 5.20941 8.44275 3.36473
4.25 5.53125 8.81128 3.37378
4.26 5.86179 9.18269 3.3799
4.27 6.20069 9.55675 3.38358
4.28 6.54758 9.93327 3.38531
4.29 6.90214 10.312 3.38556
4.3 7.264 10.6928 3.38484
4.31 7.63282 11.0755 3.38363
4.32 8.00826 11.4597 3.38242
4.33 8.38995 11.8454 3.38169
4.34 8.77757 12.2323 3.38194
4.35 9.17075 12.6201 3.38364
4.36 9.56915 13.0088 3.38729
4.37 9.97243 13.398 3.39339
4.38 10.3802 13.7876 3.4024
4.39 10.7922 14.1774 3.41483
4.4 11.208 14.5672 3.43116
4.41 11.6273 14.9566 3.45187
4.42 12.0497 15.3457 3.47747
4.43 12.4749 15.734 3.50842
4.44 12.9025 16.1215 3.54523
4.45 13.3322 16.5079 3.58838
4.46 13.7637 16.893 3.63835
4.47 14.1966 17.2766 3.69564
4.48 14.6305 17.6585 3.76074
4.49 15.0651 18.0384 3.83412
4.5 15.5 18.4163 3.91629
4.51 15.9349 18.7918 4.00772
4.52 16.3695 19.1648 4.1089
4.53 16.8034 19.535 4.22033
4.54 17.2363 19.9023 4.34249
4.55 17.6677 20.2664 4.47587
4.56 18.0975 20.6271 4.62095
4.57 18.5251 20.9842 4.77823
4.58 18.9503 21.3376 4.94819
4.59 19.3727 21.687 5.13132
4.6 19.792 22.0321 5.32811
4.61 20.2078 22.3729 5.53905
4.62 20.6198 22.709 5.76462
4.63 21.0276 23.0403 6.00531
4.64 21.4308 23.3665 6.2616
4.65 21.8292 23.6875 6.534
4.66 22.2224 24.003 6.82298
4.67 22.61 24.3129 7.12904
4.68 22.9917 24.6169 7.45265
4.69 23.3672 24.9149 7.79432
4.7 23.736 25.2065 8.15452
4.71 24.0979 25.4917 8.53374
4.72 24.4524 25.7701 8.93248
4.73 24.7993 26.0416 9.35122
4.74 25.1382 26.3061 9.79045
4.75 25.4687 26.5631 10.2506
4.76 25.7906 26.8127 10.7323
4.77 26.1034 27.0545 11.2359
4.78 26.4068 27.2884 11.762
4.79 26.7004 27.5141 12.311
4.8 26.984 27.7314 12.8834
4.81 27.2571 27.9401 13.4797
4.82 27.5195 28.1401 14.1004
4.83 27.7707 28.3311 14.746
4.84 28.0104 28.5128 15.4169
4.85 28.2382 28.6852 16.1137
4.86 28.454 28.8479 16.8368
4.87 28.6571 29.0009 17.5868
4.88 28.8474 29.1437 18.3641
4.89 29.0245 29.2764 19.1692
4.9 29.188 29.3986 20.0026
4.91 29.3376 29.5101 20.8648
4.92 29.4729 29.6108 21.7562
4.93 29.5936 29.7004 22.6774
4.94 29.6993 29.7787 23.6288
4.95 29.7897 29.8455 24.611
4.96 29.8645 29.9006 25.6244
4.97 29.9233 29.9439 26.6695
4.98 29.9657 29.975 27.7468
4.99 29.9914 29.9937 28.8568
5 30 30 30
5.01 29.9914 29.9936 30.0051
5.02 29.9657 29.9746 30.0201
5.03 29.9233 29.9434 30.0446
5.04 29.8645 29.9 30.0781
5.05 29.7898 29.8447 30.1202
5.06 29.6993 29.7777 30.1702
5.07 29.5936 29.6992 30.2278
5.08 29.4729 29.6094 30.2925
5.09 29.3376 29.5086 30.3636
5.1 29.188 29.3969 30.4409
5.11 29.0245 29.2746 30.5238
5.12 28.8474 29.1417 30.6117
5.13 28.6571 28.9987 30.7042
5.14 28.454 28.8456 30.8009
5.15 28.2383 28.6827 30.9012
5.16 28.0104 28.5102 31.0047
5.17 27.7707 28.3283 31.1108
5.18 27.5195 28.1372 31.219
5.19 27.2571 27.937 31.329
5.2 26.984 27.7281 31.4401
5.21 26.7004 27.5107 31.552
5.22 26.4068 27.2848 31.6641
5.23 26.1034 27.0508 31.7759
5.24 25.7906 26.8089 31.8869
5.25 25.4688 26.5592 31.9967
5.26 25.1382 26.302 32.1048
5.27 24.7993 26.0374 32.2106
5.28 24.4524 25.7658 32.3137
5.29 24.0979 25.4872 32.4137
5.3 23.736 25.2019 32.5099
5.31 23.3672 24.9101 32.602
5.32 22.9917 24.6121 32.6894
5.33 22.61 24.308 32.7717
5.34 22.2224 23.998 32.8483
5.35 21.8293 23.6823 32.9188
5.36 21.4308 23.3612 32.9827
5.37 21.0276 23.0349 33.0395
5.38 20.6198 22.7035 33.0887
5.39 20.2078 22.3673 33.1299
5.4 19.792 22.0264 33.1624
5.41 19.3727 21.6812 33.186
5.42 18.9503 21.3318 33.2
5.43 18.5251 20.9783 33.2039
5.44 18.0975 20.6211 33.1974
5.45 17.6678 20.2603 33.1798
5.46 17.2363 19.8961 33.1508
5.47 16.8034 19.5288 33.1098
5.48 16.3695 19.1585 33.0563
5.49 15.9349 18.7855 32.9898
5.5 15.5 18.41 32.91
5.51 15.0651 18.0321 32.8162
5.52 14.6305 17.6521 32.7079
5.53 14.1966 17.2701 32.5848
5.54 13.7637 16.8865 32.4463
5.55 13.3323 16.5014 32.2919
5.56 12.9025 16.115 32.1211
5.57 12.4749 15.7275 31.9335
5.58 12.0497 15.3392 31.7286
5.59 11.6273 14.9501 31.5058
5.6 11.208 14.5607 31.2647
5.61 10.7922 14.171 31.0048
5.62 10.3802 13.7812 30.7256
5.63 9.97243 13.3916 30.4266
5.64 9.56915 13.0024 30.1073
5.65 9.17075 12.6138 29.7673
5.66 8.77757 12.226 29.406
5.67 8.38995 11.8392 29.0231
5.68 8.00826 11.4536 28.6178
5.69 7.63282 11.0694 28.1899
5.7 7.264 10.6868 27.7388
5.71 6.90214 10.3061 27.264
5.72 6.54758 9.92742 26.7651
5.73 6.20069 9.551 26.2414
5.74 5.86179 9.17703 25.6927
5.75 5.53125 8.80574 25.1182
5.76 5.20941 8.43733 24.5177
5.77 4.89661 8.072 23.8906
5.78 4.59322 7.70996 23.2363
5.79 4.29956 7.35143 22.5545
5.8 4.016 6.9966 21.8446
5.81 3.74288 6.6457 21.1061
5.82 3.48054 6.29892 20.3386
5.83 3.22935 5.95648 19.5416
5.84 2.98963 5.61858 18.7145
5.85 2.76175 5.28543 17.8569
5.86 2.54605 4.95725 16.9684
5.87 2.34287 4.63423 16.0483
5.88 2.15258 4.31658 15.0962
5.89 1.9755 4.00453 14.1117
5.9 1.812 3.69826 13.0943
5.91 1.66242 3.39799 12.0434
5.92 1.5271 3.10394 10.9585
5.93 1.40641 2.8163 9.83929
5.94 1.30067 2.53528 8.68514
5.95 1.21025 2.2611 7.4956
5.96 1.13549 1.99397 6.27019
5.97 1.07673 1.73408 5.00841
5.98 1.03434 1.48165 3.70978
5.99 1.00864 1.23689 2.3738
6 1 1 1
6.01 1 0.771144 0.771144
6.02 1 0.550267 0.550267
6.03 1 0.337269 0.337269
6.04 1 0.132045 0.132045
6.05 1 -0.0655067 -0.0655067
6.06 1 -0.255489 -0.255489
6.07 1 -0.438005 -0.438005
6.08 1 -0.613157 -0.613157
6.09 1 -0.781049 -0.781049
6.1 1 -0.941782 -0.941782
6.11 1 -1.09546 -1.09546
6.12 1 -1.24218 -1.24218
6.13 1 -1.38206 -1.38206
6.14 1 -1.51519 -1.51519
6.15 1 -1.64167 -1.64167
6.16 1 -1.76161 -1.76161
6.17 1 -1.87512 -1.87512
6.18 1 -1.98228 -1.98228
6.19 1 -2.08322 -2.08322
6.2 1 -2.17802 -2.17802
6.21 1 -2.2668 -2.2668
6.22 1 -2.34965 -2.34965
6.23 1 -2.42667 -2.42667
6.24 1 -2.49798 -2.49798
6.25 1 -2.56367 -2.56367
6.26 1 -2.62385 -2.62385
6.27 1 -2.67862 -2.67862
6.28 1 -2.72808 -2.72808
6.29 1 -2.77233 -2.77233
6.3 1 -2.81148 -2.81148
6.31 1 -2.84563 -2.84563
6.32 1 -2.87488 -2.87488
6.33 1 -2.89934 -2.89934
6.34 1 -2.9191 -2.9191
6.35 1 -2.93428 -2.93428
6.36 1 -2.94497 -2.94497
6.37 1 -2.95127 -2.95127
6.38 1 -2.9533 -2.9533
6.39 1 -2.95115 -2.95115
6.4 1 -2.94492 -2.94492
6.41 1 -2.93472 -2.93472
6.42 1 -2.92065 -2.92065
6.43 1 -2.90281 -2.90281
6.44 1 -2.88131 -2.88131
6.45 1 -2.85625 -2.85625
6.46 1 -2.82773 -2.82773
6.47 1 -2.79585 -2.79585
6.48 1 -2.76072 -2.76072
6.49 1 -2.72244 -2.72244
6.5 1 -2.68111 -2.68111
6.51 1 -2.63683 -2.63683
6.52 1 -2.58972 -2.58972
6.53 1 -2.53986 -2.53986
6.54 1 -2.48737 -2.48737
6.55 1 -2.43235 -2.43235
6.56 1 -2.37489 -2.37489
6.57 1 -2.31511 -2.31511
6.58 1 -2.25309 -2.25309
6.59 1 -2.18896 -2.18896
6.6 1 -2.12281 -2.12281
6.61 1 -2.05474 -2.05474
6.62 1 -1.98485 -1.98485
6.63 1 -1.91326 -1.91326
6.64 1 -1.84005 -1.84005
6.65 1 -1.76534 -1.76534
6.66 1 -1.68922 -1.68922
6.67 1 -1.61181 -1.61181
6.68 1 -1.53319 -1.53319
6.69 1 -1.45349 -1.45349
6.7 1 -1.37278 -1.37278
6.71 1 -1.29119 -1.29119
6.72 1 -1.20882 -1.20882
6.73 1 -1.12575 -1.12575
6.74 1 -1.04211 -1.04211
6.75 1 -0.957989 -0.957989
6.76 1 -0.873491 -0.873491
6.77 1 -0.788721 -0.788721
6.78 1 -0.70378 -0.70378
6.79 1 -0.618771 -0.618771
6.8 1 -0.533798 -0.533798
6.81 1 -0.448963 -0.448963
6.82 1 -0.364369 -0.364369
6.83 1 -0.280119 -0.280119
6.84 1 -0.196314 -0.196314
6.85 1 -0.113059 -0.113059
6.86 1 -0.0304557 -0.0304557
6.87 1 0.0513931 0.0513931
6.88 1 0.132384 0.132384
6.89 1 0.212416 0.212416
6.9 1 0.291384 0.291384
6.91 1 0.369187 0.369187
6.92 1 0.445721 0.445721
6.93 1 0.520884 0.520884
6.94 1 0.594573 0.594573
6.95 1 0.666686 0.666686
6.96 1 0.737119 0.737119
6.97 1 0.805769 0.805769
6.98 1 0.872535 0.872535
6.99 1 0.937313 0.937313
7 1 1 1
7.01 1 1.06052 1.06052
7.02 1 1.11887 1.11887
7.03 1 1.17508 1.17508
7.04 1 1.22919 1.22919
7.05 1 1.28122 1.28122
7.06 1 1.33121 1.33121
7.07 1 1.37917 1.37917
7.08 1 1.42514 1.42514
7.09 1 1.46914 1.46914
7.1 1 1.51122 1.51122
7.11 1 1.55139 1.55139
7.12 1 1.58968 1.58968
7.13 1 1.62613 1.62613
7.14 1 1.66075 1.66075
7.15 1 1.69359 1.69359
7.16 1 1.72467 1.72467
7.17 1 1.75401 1.75401
7.18 1 1.78165 1.78165
7.19 1 1.80762 1.80762
7.2 1 1.83194 1.83194
7.21 1 1.85465 1.85465
7.22 1 1.87576 1.87576
7.23 1 1.89532 1.89532
7.24 1 1.91335 1.91335
7.25 1 1.92988 1.92988
7.26 1 1.94493 1.94493
7.27 1 1.95854 1.95854
7.28 1 1.97074 1.97074
7.29 1 1.98155 1.98155
7.3 1 1.991 1.991
7.31 1 1.99913 1.99913
7.32 1 2.00595 2.00595
7.33 1 2.01151 2.01151
7.34 1 2.01582 2.01582
7.35 1 2.01892 2.01892
7.36 1 2.02084 2.02084
7.37 1 2.0216 2.0216
7.38 1 2.02123 2.02123
7.39 1 2.01977 2.01977
7.4 1 2.01724 2.01724
7.41 1 2.01366 2.01366
7.42 1 2.00908 2.00908
7.43 1 2.00351 2.00351
7.44 1 1.997 1.997
7.45 1 1.98955 1.98955
7.46 1 1.98121 1.98121
7.47 1 1.97201 1.97201
7.48 1 1.96196 1.96196
7.49 1 1.95111 1.95111
7.5 1 1.93948 1.93948
7.51 1 1.92709 1.92709
7.52 1 1.91398 1.91398
7.53 1 1.90018 1.90018
7.54 1 1.88571 1.88571
7.55 1 1.87061 1.87061
7.56 1 1.8549 1.8549
7.57 1 1.83861 1.83861
7.58 1 1.82177 1.82177
7.59 1 1.80441 1.80441
7.6 1 1.78656 1.78656
7.61 1 1.76824 1.76824
7.62 1 1.74949 1.74949
7.63 1 1.73034 1.73034
7.64 1 1.71081 1.71081
7.65 1 1.69093 1.69093
7.66 1 1.67073 1.67073
7.67 1 1.65024 1.65024
7.68 1 1.62949 1.62949
7.69 1 1.60851 1.60851
7.7 1 1.58732 1.58732
7.71 1 1.56596 1.56596
7.72 1 1.54445 1.54445
7.73 1 1.52282 1.52282
7.74 1 1.50111 1.50111
7.75 1 1.47934 1.47934
7.76 1 1.45753 1.45753
7.77 1 1.43573 1.43573
7.78 1 1.41395 1.41395
7.79 1 1.39223 1.39223
7.8 1 1.37059 1.37059
7.81 1 1.34906 1.34906
7.82 1 1.32768 1.32768
7.83 1 1.30647 1.30647
7.84 1 1.28546 1.28546
7.85 1 1.26468 1.26468
7.86 1 1.24415 1.24415
7.87 1 1.22391 1.22391
7.88 1 1.20399 1.20399
7.89 1 1.18441 1.18441
7.9 1 1.1652 1.1652
7.91 1 1.1464 1.1464
7.92 1 1.12803 1.12803
7.93 1 1.11011 1.11011
7.94 1 1.09269 1.09269
7.95 1 1.07578 1.07578
7.96 1 1.05941 1.05941
7.97 1 1.04363 1.04363
7.98 1 1.02844 1.02844
7.99 1 1.01389 1.01389
8 1 1 1
8.01 1 0.986793 0.986793
8.02 1 0.974263 0.974263
8.03 1 0.962398 0.962398
8.04 1 0.951186 0.951186
8.05 1 0.940613 0.940613
8.06 1 0.930668 0.930668
8.07 1 0.921337 0.921337
8.08 1 0.912609 0.912609
8.09 1 0.90447 0.90447
8.1 1 0.896908 0.896908
8.11 1 0.889911 0.889911
8.12 1 0.883465 0.883465
8.13 1 0.877559 0.877559
8.14 1 0.872179 0.872179
8.15 1 0.867313 0.867313
8.16 1 0.862949 0.862949
8.17 1 0.859074 0.859074
8.18 1 0.855675 0.855675
8.19 1 0.85274 0.85274
8.2 1 0.850257 0.850257
8.21 1 0.848212 0.848212
8.22 1 0.846593 0.846593
8.23 1 0.845387 0.845387
8.24 1 0.844583 0.844583
8.25 1 0.844166 0.844166
8.26 1 0.844126 0.844126
8.27 1 0.844449 0.844449
8.28 1 0.845122 0.845122
8.29 1 0.846134 0.846134
8.3 1 0.847471 0.847471
8.31 1 0.849121 0.849121
8.32 1 0.851071 0.851071
8.33 1 0.853309 0.853309
8.34 1 0.855823 0.855823
8.35 1 0.858599 0.858599
8.36 1 0.861625 0.861625
8.37 1 0.864888 0.864888
8.38 1 0.868376 0.868376
8.39 1 0.872077 0.872077
8.4 1 0.875978 0.875978
8.41 1 0.880065 0.880065
8.42 1 0.884327 0.884327
8.43 1 0.888752 0.888752
8.44 1 0.893325 0.893325
8.45 1 0.898036 0.898036
8.46 1 0.902871 0.902871
8.47 1 0.907817 0.907817
8.48 1 0.912863 0.912863
8.49 1 0.917996 0.917996
8.5 1 0.923202 0.923202
8.51 1 0.92847 0.92847
8.52 1 0.933787 0.933787
8.53 1 0.93914 0.93914
8.54 1 0.944516 0.944516
8.55 1 0.949904 0.949904
8.56 1 0.95529 0.95529
8.57 1 0.960663 0.960663
8.58 1 0.966009 0.966009
8.59 1 0.971315 0.971315
8.6 1 0.97657 0.97657
8.61 1 0.981761 0.981761
8.62 1 0.986875 0.986875
8.63 1 0.991899 0.991899
8.64 1 0.996821 0.996821
8.65 1 1.00163 1.00163
8.66 1 1.00631 1.00631
8.67 1 1.01085 1.01085
8.68 1 1.01524 1.01524
8.69 1 1.01946 1.01946
8.7 1 1.02351 1.02351
8.71 1 1.02736 1.02736
8.72 1 1.03102 1.03102
8.73 1 1.03446 1.03446
8.74 1 1.03767 1.03767
8.75 1 1.04064 1.04064
8.76 1 1.04335 1.04335
8.77 1 1.04581 1.04581
8.78 1 1.04798 1.04798
8.79 1 1.04986 1.04986
8.8 1 1.05144 1.05144
8.81 1 1.05271 1.05271
8.82 1 1.05364 1.05364
8.83 1 1.05424 1.05424
8.84 1 1.05448 1.05448
8.85 1 1.05435 1.05435
8.86 1 1.05385 1.05385
8.87 1 1.05295 1.05295
8.88 1 1.05166 1.05166
8.89 1 1.04994 1.04994
8.9 1 1.0478 1.0478
8.91 1 1.04521 1.04521
8.92 1 1.04217 1.04217
8.93 1 1.03867 1.03867
8.94 1 1.03468 1.03468
8.95 1 1.0302 1.0302
8.96 1 1.02522 1.02522
8.97 1 1.01972 1.01972
8.98 1 1.0137 1.0137
8.99 1 1.00712 1.00712
9 1 1 1
9.01 1 0.992313 0.992313
9.02 1 0.984081 0.984081
9.03 1 0.975324 0.975324
9.04 1 0.966065 0.966065
9.05 1 0.956324 0.956324
9.06 1 0.946123 0.946123
9.07 1 0.935483 0.935483
9.08 1 0.924427 0.924427
9.09 1 0.912975 0.912975
9.1 1 0.901149 0.901149
9.11 1 0.88897 0.88897
9.12 1 0.87646 0.87646
9.13 1 0.86364 0.86364
9.14 1 0.850532 0.850532
9.15 1 0.837158 0.837158
9.16 1 0.823537 0.823537
9.17 1 0.809693 0.809693
9.18 1 0.795647 0.795647
9.19 1 0.78142 0.78142
9.2 1 0.767033 0.767033
9.21 1 0.752508 0.752508
9.22 1 0.737867 0.737867
9.23 1 0.72313 0.72313
9.24 1 0.70832 0.70832
9.25 1 0.693457 0.693457
9.26 1 0.678564 0.678564
9.27 1 0.663662 0.663662
9.28 1 0.648772 0.648772
9.29 1 0.633915 0.633915
9.3 1 0.619114 0.619114
9.31 1 0.604389 0.604389
9.32 1 0.589763 0.589763
9.33 1 0.575255 0.575255
9.34 1 0.560889 0.560889
9.35 1 0.546685 0.546685
9.36 1 0.532666 0.532666
9.37 1 0.518851 0.518851
9.38 1 0.505263 0.505263
9.39 1 0.491924 0.491924
9.4 1 0.478854 0.478854
9.41 1 0.466076 0.466076
9.42 1 0.45361 0.45361
9.43 1 0.441478 0.441478
9.44 1 0.429702 0.429702
9.45 1 0.418303 0.418303
9.46 1 0.407303 0.407303
9.47 1 0.396722 0.396722
9.48 1 0.386583 0.386583
9.49 1 0.376907 0.376907
9.5 1 0.367715 0.367715
9.51 1 0.35903 0.35903
9.52 1 0.350871 0.350871
9.53 1 0.343261 0.343261
9.54 1 0.336221 0.336221
9.55 1 0.329773 0.329773
9.56 1 0.323938 0.323938
9.57 1 0.318738 0.318738
9.58 1 0.314194 0.314194
9.59 1 0.310327 0.310327
9.6 1 0.307159 0.307159
9.61 1 0.304712 0.304712
9.62 1 0.303007 0.303007
9.63 1 0.302065 0.302065
9.64 1 0.301908 0.301908
9.65 1 0.302557 0.302557
9.66 1 0.304034 0.304034
9.67 1 0.30636 0.30636
9.68 1 0.309556 0.309556
9.69 1 0.313645 0.313645
9.7 1 0.318648 0.318648
9.71 1 0.324585 0.324585
9.72 1 0.33148 0.33148
9.73 1 0.339352 0.339352
9.74 1 0.348223 0.348223
9.75 1 0.358116 0.358116
9.76 1 0.369051 0.369051
9.77 1 0.381049 0.381049
9.78 1 0.394133 0.394133
9.79 1 0.408324 0.408324
9.8 1 0.423643 0.423643
9.81 1 0.440112 0.440112
9.82 1 0.457751 0.457751
9.83 1 0.476584 0.476584
9.84 1 0.49663 0.49663
9.85 1 0.517912 0.517912
9.86 1 0.540451 0.540451
9.87 1 0.564269 0.564269
9.88 1 0.589386 0.589386
9.89 1 0.615825 0.615825
9.9 1 0.643606 0.643606
9.91 1 0.672752 0.672752
9.92 1 0.703284 0.703284
9.93 1 0.735223 0.735223
9.94 1 0.76859 0.76859
9.95 1 0.803408 0.803408
9.96 1 0.839697 0.839697
9.97 1 0.87748 0.87748
9.98 1 0.916777 0.916777
9.99 1 0.95761 0.95761
10 1 1 1
10.01 1.00209 1.04396 1.04119
10.02 1.00829 1.08947 1.07849
10.03 1.01852 1.13649 1.11205
10.04 1.0327 1.185 1.14199
10.05 1.05075 1.23497 1.16847
10.06 1.07258 1.28635 1.1916
10.07 1.0981 1.33913 1.21153
10.08 1.12723 1.39327 1.2284
10.09 1.15989 1.44873 1.24235
10.1 1.196 1.5055 1.2535
10.11 1.23547 1.56353 1.26199
10.12 1.27821 1.62279 1.26797
10.13 1.32414 1.68326 1.27158
10.14 1.37318 1.7449 1.27293
10.15 1.42525 1.80768 1.27218
10.16 1.48026 1.87157 1.26946
10.17 1.53812 1.93654 1.26491
10.18 1.59875 2.00256 1.25866
10.19 1.66207 2.06959 1.25085
10.2 1.728 2.13761 1.24161
10.21 1.79645 2.20658 1.23109
10.22 1.86733 2.27648 1.21942
10.23 1.94056 2.34726 1.20674
10.24 2.01606 2.41891 1.19318
10.25 2.09375 2.49138 1.17888
10.26 2.17354 2.56465 1.16398
10.27 2.25534 2.63868 1.14861
10.28 2.33907 2.71345 1.13291
10.29 2.42465 2.78893 1.11702
10.3 2.512 2.86507 1.10107
10.31 2.60103 2.94186 1.08521
10.32 2.69165 3.01925 1.06956
10.33 2.78378 3.09723 1.05426
10.34 2.87734 3.17575 1.03946
10.35 2.97225 3.25478 1.02528
10.36 3.06842 3.3343 1.01187
10.37 3.16576 3.41428 0.999363
10.38 3.26419 3.49467 0.98789
10.39 3.36363 3.57546 0.977592
10.4 3.464 3.65661 0.968605
10.41 3.56521 3.73808 0.961066
10.42 3.66717 3.81985 0.955112
10.43 3.7698 3.90188 0.950879
10.44 3.87302 3.98415 0.948505
10.45 3.97675 4.06663 0.948125
10.46 4.0809 4.14927 0.949877
10.47 4.18538 4.23205 0.953898
10.48 4.29011 4.31495 0.960323
10.49 4.39501 4.39792 0.96929
10.5 4.5 4.48094 0.980936
10.51 4.60499 4.56397 0.995397
10.52 4.70989 4.64699 1.01281
10.53 4.81462 4.72996 1.03331
10.54 4.9191 4.81285 1.05704
10.55 5.02325 4.89563 1.08413
10.56 5.12698 4.97827 1.11472
10.57 5.2302 5.06074 1.14894
10.58 5.33283 5.143 1.18694
10.59 5.43479 5.22503 1.22884
10.6 5.536 5.30679 1.27479
10.61 5.63637 5.38826 1.32493
10.62 5.73581 5.46939 1.37938
10.63 5.83424 5.55017 1.43829
10.64 5.93158 5.63056 1.50179
10.65 6.02775 5.71052 1.57002
10.66 6.12266 5.79003 1.64312
10.67 6.21622 5.86905 1.72122
10.68 6.30835 5.94756 1.80446
10.69 6.39897 6.02552 1.89297
10.7 6.488 6.1029 1.9869
10.71 6.57535 6.17967 2.08638
10.72 6.66093 6.2558 2.19154
10.73 6.74466 6.33126 2.30253
10.74 6.82646 6.40601 2.41948
10.75 6.90625 6.48003 2.54253
10.76 6.98394 6.55328 2.6718
10.77 7.05944 6.62573 2.80745
10.78 7.13267 6.69735 2.94961
10.79 7.20355 6.76812 3.09841
10.8 7.272 6.83799 3.25399
10.81 7.33793 6.90693 3.41648
10.82 7.40125 6.97493 3.58603
10.83 7.46188 7.04194 3.76277
10.84 7.51974 7.10793 3.94684
10.85 7.57475 7.17287 4.13837
10.86 7.62682 7.23674 4.33751
10.87 7.67586 7.29949 4.54438
10.88 7.72179 7.3611 4.75912
10.89 7.76453 7.42154 4.98187
10.9 7.804 7.48078 5.21278
10.91 7.84011 7.53878 5.45196
10.92 7.87277 7.59551 5.69957
10.93 7.9019 7.65094 5.95574
10.94 7.92742 7.70505 6.2206
10.95 7.94925 7.75779 6.49429
10.96 7.9673 7.80914 6.77695
10.97 7.98148 7.85907 7.06871
10.98 7.99171 7.90754 7.36972
10.99 7.99791 7.95453 7.6801
11 8 8 8
11.01 8 8.04393 8.04393
11.02 8 8.08633 8.08633
11.03 8 8.12722 8.12722
11.04 8 8.16663 8.16663
11.05 8 8.20456 8.20456
11.06 8 8.24104 8.24104
11.07 8 8.2761 8.2761
11.08 8 8.30974 8.30974
11.09 8 8.34199 8.34199
11.1 8 8.37286 8.37286
11.11 8 8.40239 8.40239
11.12 8 8.43058 8.43058
11.13 8 8.45747 8.45747
11.14 8 8.48305 8.48305
11.15 8 8.50737 8.50737
11.16 8 8.53043 8.53043
11.17 8 8.55225 8.55225
11.18 8 8.57286 8.57286
11.19 8 8.59228 8.59228
11.2 8 8.61052 8.61052
11.21 8 8.6276 8.6276
11.22 8 8.64355 8.64355
11.23 8 8.65838 8.65838
11.24 8 8.67212 8.67212
11.25 8 8.68478 8.68478
11.26 8 8.69638 8.69638
11.27 8 8.70694 8.70694
11.28 8 8.71648 8.71648
11.29 8 8.72503 8.72503
11.3 8 8.7326 8.7326
11.31 8 8.7392 8.7392
11.32 8 8.74487 8.74487
11.33 8 8.74962 8.74962
11.34 8 8.75346 8.75346
11.35 8 8.75643 8.75643
11.36 8 8.75853 8.75853
11.37 8 8.75979 8.75979
11.38 8 8.76023 8.76023
11.39 8 8.75987 8.75987
11.4 8 8.75873 8.75873
11.41 8 8.75682 8.75682
11.42 8 8.75417 8.75417
11.43 8 8.75079 8.75079
11.44 8 8.74671 8.74671
11.45 8 8.74195 8.74195
11.46 8 8.73652 8.73652
11.47 8 8.73044 8.73044
11.48 8 8.72374 8.72374
11.49 8 8.71643 8.71643
11.5 8 8.70854 8.70854
11.51 8 8.70008 8.70008
11.52 8 8.69107 8.69107
11.53 8 8.68154 8.68154
11.54 8 8.6715 8.6715
11.55 8 8.66096 8.66096
11.56 8 8.64996 8.64996
11.57 8 8.63852 8.63852
11.58 8 8.62664 8.62664
11.59 8 8.61435 8.61435
11.6 8 8.60167 8.60167
11.61 8 8.58862 8.58862
11.62 8 8.57522 8.57522
11.63 8 8.56149 8.56149
11.64 8 8.54745 8.54745
11.65 8 8.53312 8.53312
11.66 8 8.51851 8.51851
11.67 8 8.50365 8.50365
11.68 8 8.48856 8.48856
11.69 8 8.47325 8.47325
11.7 8 8.45775 8.45775
11.71 8 8.44208 8.44208
11.72 8 8.42625 8.42625
11.73 8 8.41029 8.41029
11.74 8 8.39421 8.39421
11.75 8 8.37803 8.37803
11.76 8 8.36178 8.36178
11.77 8 8.34547 8.34547
11.78 8 8.32913 8.32913
11.79 8 8.31277 8.31277
11.8 8 8.29641 8.29641
11.81 8 8.28008 8.28008
11.82 8 8.26378 8.26378
11.83 8 8.24755 8.24755
11.84 8 8.2314 8.2314
11.85 8 8.21534 8.21534
11.86 8 8.19941 8.19941
11.87 8 8.18362 8.18362
11.88 8 8.16799 8.16799
11.89 8 8.15254 8.15254
11.9 8 8.13728 8.13728
11.91 8 8.12225 8.12225
11.92 8 8.10745 8.10745
11.93 8 8.09291 8.09291
11.94 8 8.07865 8.07865
11.95 8 8.06468 8.06468
11.96 8 8.05104 8.05104
11.97 8 8.03772 8.03772
11.98 8 8.02477 8.02477
11.99 8 8.01219 8.01219
12 8 8 8
12.01 8 7.98822 7.98822
12.02 8 7.97686 7.97686
12.03 8 7.9659 7.9659
12.04 8 7.95533 7.95533
12.05 8 7.94517 7.94517
12.06 8 7.93539 7.93539
12.07 8 7.92599 7.92599
12.08 8 7.91697 7.91697
12.09 8 7.90832 7.90832
12.1 8 7.90004 7.90004
12.11 8 7.89213 7.89213
12.12 8 7.88457 7.88457
12.13 8 7.87736 7.87736
12.14 8 7.8705 7.8705
12.15 8 7.86398 7.86398
12.16 8 7.85779 7.85779
12.17 8 7.85194 7.85194
12.18 8 7.84641 7.84641
12.19 8 7.8412 7.8412
12.2 8 7.83631 7.83631
12.21 8 7.83173 7.83173
12.22 8 7.82745 7.82745
12.23 8 7.82347 7.82347
12.24 8 7.81978 7.81978
12.25 8 7.81638 7.81638
12.26 8 7.81327 7.81327
12.27 8 7.81043 7.81043
12.28 8 7.80787 7.80787
12.29 8 7.80558 7.80558
12.3 8 7.80354 7.80354
12.31 8 7.80177 7.80177
12.32 8 7.80025 7.80025
12.33 8 7.79897 7.79897
12.34 8 7.79793 7.79793
12.35 8 7.79713 7.79713
12.36 8 7.79656 7.79656
12.37 8 7.79622 7.79622
12.38 8 7.7961 7.7961
12.39 8 7.79619 7.79619
12.4 8 7.79649 7.79649
12.41 8 7.797 7.797
12.42 8 7.79771 7.79771
12.43 8 7.79861 7.79861
12.44 8 7.7997 7.7997
12.45 8 7.80097 7.80097
12.46 8 7.80242 7.80242
12.47 8 7.80404 7.80404
12.48 8 7.80584 7.80584
12.49 8 7.80779 7.80779
12.5 8 7.8099 7.8099
12.51 8 7.81217 7.81217
12.52 8 7.81458 7.81458
12.53 8 7.81713 7.81713
12.54 8 7.81982 7.81982
12.55 8 7.82264 7.82264
12.56 8 7.82559 7.82559
12.57 8 7.82865 7.82865
12.58 8 7.83183 7.83183
12.59 8 7.83513 7.83513
12.6 8 7.83852 7.83852
12.61 8 7.84202 7.84202
12.62 8 7.84561 7.84561
12.63 8 7.84929 7.84929
12.64 8 7.85305 7.85305
12.65 8 7.85689 7.85689
12.66 8 7.86081 7.86081
12.67 8 7.86479 7.86479
12.68 8 7.86884 7.86884
12.69 8 7.87294 7.87294
12.7 8 7.87709 7.87709
12.71 8 7.8813 7.8813
12.72 8 7.88554 7.88554
12.73 8 7.88982 7.88982
12.74 8 7.89413 7.89413
12.75 8 7.89847 7.89847
12.76 8 7.90283 7.90283
12.77 8 7.9072 7.9072
12.78 8 7.91159 7.91159
12.79 8 7.91598 7.91598
12.8 8 7.92037 7.92037
12.81 8 7.92475 7.92475
12.82 8 7.92912 7.92912
12.83 8 7.93348 7.93348
12.84 8 7.93782 7.93782
12.85 8 7.94212 7.94212
12.86 8 7.9464 7.9464
12.87 8 7.95064 7.95064
12.88 8 7.95484 7.95484
12.89 8 7.95899 7.95899
12.9 8 7.96309 7.96309
12.91 8 7.96713 7.96713
12.92 8 7.9711 7.9711
12.93 8 7.97501 7.97501
12.94 8 7.97884 7.97884
12.95 8 7.9826 7.9826
12.96 8 7.98627 7.98627
12.97 8 7.98985 7.98985
12.98 8 7.99333 7.99333
12.99 8 7.99672 7.99672
13 8 8 8
13.01 8 8.00317 8.00317
13.02 8 8.00623 8.00623
13.03 8 8.00919 8.00919
13.04 8 8.01203 8.01203
13.05 8 8.01478 8.01478
13.06 8 8.01741 8.01741
13.07 8 8.01995 8.01995
13.08 8 8.02239 8.02239
13.09 8 8.02472 8.02472
13.1 8 8.02696 8.02696
13.11 8 8.0291 8.0291
13.12 8 8.03115 8.03115
13.13 8 8.0331 8.0331
13.14 8 8.03496 8.03496
13.15 8 8.03672 8.03672
13.16 8 8.0384 8.0384
13.17 8 8.03999 8.03999
13.18 8 8.04149 8.04149
13.19 8 8.04291 8.04291
13.2 8 8.04424 8.04424
13.21 8 8.04549 8.04549
13.22 8 8.04666 8.04666
13.23 8 8.04774 8.04774
13.24 8 8.04875 8.04875
13.25 8 8.04968 8.04968
13.26 8 8.05054 8.05054
13.27 8 8.05132 8.05132
13.28 8 8.05203 8.05203
13.29 8 8.05266 8.05266
13.3 8 8.05323 8.05323
13.31 8 8.05372 8.05372
13.32 8 8.05415 8.05415
13.33 8 8.05451 8.05451
13.34 8 8.05481 8.05481
13.35 8 8.05504 8.05504
13.36 8 8.05521 8.05521
13.37 8 8.05532 8.05532
13.38 8 8.05537 8.05537
13.39 8 8.05536 8.05536
13.4 8 8.0553 8.0553
13.41 8 8.05518 8.05518
13.42 8 8.05501 8.05501
13.43 8 8.05478 8.05478
13.44 8 8.0545 8.0545
13.45 8 8.05418 8.05418
13.46 8 8.0538 8.0538
13.47 8 8.05338 8.05338
13.48 8 8.05291 8.05291
13.49 8 8.0524 8.0524
13.5 8 8.05184 8.05184
13.51 8 8.05125 8.05125
13.52 8 8.05061 8.05061
13.53 8 8.04994 8.04994
13.54 8 8.04922 8.04922
13.55 8 8.04847 8.04847
13.56 8 8.04769 8.04769
13.57 8 8.04687 8.04687
13.58 8 8.04603 8.04603
13.59 8 8.04515 8.04515
13.6 8 8.04424 8.04424
13.61 8 8.04331 8.04331
13.62 8 8.04234 8.04234
13.63 8 8.04136 8.04136
13.64 8 8.04035 8.04035
13.65 8 8.03932 8.03932
13.66 8 8.03826 8.03826
13.67 8 8.03719 8.03719
13.68 8 8.0361 8.0361
13.69 8 8.03499 8.03499
13.7 8 8.03387 8.03387
13.71 8 8.03274 8.03274
13.72 8 8.03159 8.03159
13.73 8 8.03043 8.03043
13.74 8 8.02926 8.02926
13.75 8 8.02808 8.02808
13.76 8 8.0269 8.0269
13.77 8 8.02571 8.02571
13.78 8 8.02451 8.02451
13.79 8 8.02332 8.02332
13.8 8 8.02212 8.02212
13.81 8 8.02092 8.02092
13.82 8 8.01973 8.01973
13.83 8 8.01853 8.01853
13.84 8 8.01734 8.01734
13.85 8 8.01616 8.01616
13.86 8 8.01498 8.01498
13.87 8 8.01381 8.01381
13.88 8 8.01265 8.01265
13.89 8 8.0115 8.0115
13.9 8 8.01037 8.01037
13.91 8 8.00925 8.00925
13.92 8 8.00814 8.00814
13.93 8 8.00705 8.00705
13.94 8 8.00598 8.00598
13.95 8 8.00493 8.00493
13.96 8 8.00389 8.00389
13.97 8 8.00288 8.00288
13.98 8 8.0019 8.0019
13.99 8 8.00094 8.00094
14 8 8 8
14.01 8 7.99909 7.99909
14.02 8 7.99821 7.99821
14.03 8 7.99736 7.99736
14.04 8 7.99653 7.99653
14.05 8 7.99573 7.99573
14.06 8 7.99496 7.99496
14.07 8 7.99421 7.99421
14.08 8 7.99349 7.99349
14.09 8 7.99279 7.99279
14.1 8 7.99212 7.99212
14.11 8 7.99147 7.99147
14.12 8 7.99085 7.99085
14.13 8 7.99025 7.99025
14.14 8 7.98968 7.98968
14.15 8 7.98913 7.98913
14.16 8 7.9886 7.9886
14.17 8 7.9881 7.9881
14.18 8 7.98762 7.98762
14.19 8 7.98716 7.98716
14.2 8 7.98673 7.98673
14.21 8 7.98631 7.98631
14.22 8 7.98592 7.98592
14.23 8 7.98555 7.98555
14.24 8 7.98521 7.98521
14.25 8 7.98488 7.98488
14.26 8 7.98457 7.98457
14.27 8 7.98429 7.98429
14.28 8 7.98402 7.98402
14.29 8 7.98377 7.98377
14.3 8 7.98355 7.98355
14.31 8 7.98334 7.98334
14.32 8 7.98315 7.98315
14.33 8 7.98298 7.98298
14.34 8 7.98283 7.98283
14.35 8 7.9827 7.9827
14.36 8 7.98259 7.98259
14.37 8 7.98249 7.98249
14.38 8 7.98241 7.98241
14.39 8 7.98235 7.98235
14.4 8 7.9823 7.9823
14.41 8 7.98228 7.98228
14.42 8 7.98226 7.98226
14.43 8 7.98227 7.98227
14.44 8 7.98229 7.98229
14.45 8 7.98232 7.98232
14.46 8 7.98237 7.98237
14.47 8 7.98244 7.98244
14.48 8 7.98252 7.98252
14.49 8 7.98261 7.98261
14.5 8 7.98272 7.98272
14.51 8 7.98284 7.98284
14.52 8 7.98298 7.98298
14.53 8 7.98313 7.98313
14.54 8 7.98329 7.98329
14.55 8 7.98346 7.98346
14.56 8 7.98365 7.98365
14.57 8 7.98385 7.98385
14.58 8 7.98406 7.98406
14.59 8 7.98428 7.98428
14.6 8 7.98452 7.98452
14.61 8 7.98476 7.98476
14.62 8 7.98502 7.98502
14.63 8 7.98528 7.98528
14.64 8 7.98556 7.98556
14.65 8 7.98585 7.98585
14.66 8 7.98614 7.98614
14.67 8 7.98645 7.98645
14.68 8 7.98676 7.98676
14.69 8 7.98709 7.98709
14.7 8 7.98742 7.98742
14.71 8 7.98776 7.98776
14.72 8 7.98811 7.98811
14.73 8 7.98846 7.98846
14.74 8 7.98883 7.98883
14.75 8 7.9892 7.9892
14.76 8 7.98958 7.98958
14.77 8 7.98996 7.98996
14.78 8 7.99035 7.99035
14.79 8 7.99075 7.99075
14.8 8 7.99115 7.99115
14.81 8 7.99156 7.99156
14.82 8 7.99197 7.99197
14.83 8 7.99239 7.99239
14.84 8 7.99282 7.99282
14.85 8 7.99324 7.99324
14.86 8 7.99367 7.99367
14.87 8 7.99411 7.99411
14.88 8 7.99455 7.99455
14.89 8 7.99499 7.99499
14.9 8 7.99544 7.99544
14.91 8 7.99589 7.99589
14.92 8 7.99634 7.99634
14.93 8 7.99679 7.99679
14.94 8 7.99724 7.99724
14.95 8 7.9977 7.9977
14.96 8 7.99816 7.99816
14.97 8 7.99862 7.99862
14.98 8 7.99908 7.99908
14.99 8 7.99954 7.99954
15 8 8 8
