1 1
2 2
3 3
4 2
5 3
6 5
7 7
8 3
9 1
10 10


1 1
2 30
3 1
4 1
5 1
6 1
7 1
8 -30
9 1
10 1


1 1 1 1
1.01 1.01 1.00821 1.01
1.02 1.02 1.01642 1.02
1.03 1.03 1.02463 1.03
1.04 1.04 1.03285 1.04
1.05 1.05 1.04107 1.05
1.06 1.06 1.0493 1.06
1.07 1.07 1.05753 1.07
1.08 1.08 1.06577 1.08
1.09 1.09 1.07402 1.09
1.1 1.1 1.08227 1.1
1.11 1.11 1.09054 1.11
1.12 1.12 1.09882 1.12
1.13 1.13 1.10712 1.13
1.14 1.14 1.11542 1.14
1.15 1.15 1.12375 1.15
1.16 1.16 1.13208 1.16
1.17 1.17 1.14044 1.17
1.18 1.18 1.14881 1.18
1.19 1.19 1.15721 1.19
1.2 1.2 1.16562 1.2
1.21 1.21 1.17406 1.21
1.22 1.22 1.18251 1.22
1.23 1.23 1.19099 1.23
1.24 1.24 1.1995 1.24
1.25 1.25 1.20803 1.25
1.26 1.26 1.21659 1.26
1.27 1.27 1.22518 1.27
1.28 1.28 1.23379 1.28
1.29 1.29 1.24244 1.29
1.3 1.3 1.25112 1.3
1.31 1.31 1.25983 1.31
1.32 1.32 1.26857 1.32
1.33 1.33 1.27734 1.33
1.34 1.34 1.28616 1.34
1.35 1.35 1.29501 1.35
1.36 1.36 1.30389 1.36
1.37 1.37 1.31282 1.37
1.38 1.38 1.32178 1.38
1.39 1.39 1.33079 1.39
1.4 1.4 1.33984 1.4
1.41 1.41 1.34893 1.41
1.42 1.42 1.35806 1.42
1.43 1.43 1.36724 1.43
1.44 1.44 1.37647 1.44
1.45 1.45 1.38574 1.45
1.46 1.46 1.39506 1.46
1.47 1.47 1.40443 1.47
1.48 1.48 1.41385 1.48
1.49 1.49 1.42333 1.49
1.5 1.5 1.43285 1.5
1.51 1.51 1.44243 1.51
1.52 1.52 1.45207 1.52
1.53 1.53 1.46176 1.53
1.54 1.54 1.4715 1.54
1.55 1.55 1.48131 1.55
1.56 1.56 1.49117 1.56
1.57 1.57 1.5011 1.57
1.58 1.58 1.51108 1.58
1.59 1.59 1.52113 1.59
1.6 1.6 1.53124 1.6
1.61 1.61 1.54142 1.61
1.62 1.62 1.55166 1.62
1.63 1.63 1.56197 1.63
1.64 1.64 1.57234 1.64
1.65 1.65 1.58279 1.65
1.66 1.66 1.5933 1.66
1.67 1.67 1.60388 1.67
1.68 1.68 1.61454 1.68
1.69 1.69 1.62527 1.69
1.7 1.7 1.63608 1.7
1.71 1.71 1.64695 1.71
1.72 1.72 1.65791 1.72
1.73 1.73 1.66894 1.73
1.74 1.74 1.68005 1.74
1.75 1.75 1.69125 1.75
1.76 1.76 1.70252 1.76
1.77 1.77 1.71387 1.77
1.78 1.78 1.72531 1.78
1.79 1.79 1.73683 1.79
1.8 1.8 1.74843 1.8
1.81 1.81 1.76012 1.81
1.82 1.82 1.7719 1.82
1.83 1.83 1.78376 1.83
1.84 1.84 1.79572 1.84
1.85 1.85 1.80776 1.85
1.86 1.86 1.8199 1.86
1.87 1.87 1.83213 1.87
1.88 1.88 1.84445 1.88
1.89 1.89 1.85687 1.89
1.9 1.9 1.86938 1.9
1.91 1.91 1.88199 1.91
1.92 1.92 1.8947 1.92
1.93 1.93 1.9075 1.93
1.94 1.94 1.92041 1.94
1.95 1.95 1.93341 1.95
1.96 1.96 1.94652 1.96
1.97 1.97 1.95974 1.97
1.98 1.98 1.97305 1.98
1.99 1.99 1.98647 1.99
2 2 2 2
2.01 2.01 2.01363 2.01007
2.02 2.02 2.02737 2.02026
2.03 2.03 2.0412 2.03058
2.04 2.04 2.05513 2.04102
2.05 2.05 2.06914 2.05158
2.06 2.06 2.08323 2.06226
2.07 2.07 2.09739 2.07304
2.08 2.08 2.11163 2.08393
2.09 2.09 2.12593 2.09491
2.1 2.1 2.14029 2.106
2.11 2.11 2.1547 2.11718
2.12 2.12 2.16916 2.12845
2.13 2.13 2.18367 2.1398
2.14 2.14 2.19821 2.15124
2.15 2.15 2.21278 2.16275
2.16 2.16 2.22738 2.17434
2.17 2.17 2.24201 2.18599
2.18 2.18 2.25664 2.19771
2.19 2.19 2.27129 2.20949
2.2 2.2 2.28595 2.22133
2.21 2.21 2.3006 2.23323
2.22 2.22 2.31525 2.24517
2.23 2.23 2.32989 2.25716
2.24 2.24 2.34451 2.26918
2.25 2.25 2.35911 2.28125
2.26 2.26 2.37369 2.29335
2.27 2.27 2.38823 2.30548
2.28 2.28 2.40274 2.31763
2.29 2.29 2.4172 2.32981
2.3 2.3 2.43161 2.342
2.31 2.31 2.44597 2.35421
2.32 2.32 2.46027 2.36642
2.33 2.33 2.4745 2.37864
2.34 2.34 2.48867 2.39086
2.35 2.35 2.50276 2.40308
2.36 2.36 2.51677 2.4153
2.37 2.37 2.53069 2.4275
2.38 2.38 2.54453 2.43969
2.39 2.39 2.55826 2.45185
2.4 2.4 2.5719 2.464
2.41 2.41 2.58542 2.47612
2.42 2.42 2.59884 2.48821
2.43 2.43 2.61213 2.50026
2.44 2.44 2.62531 2.51228
2.45 2.45 2.63835 2.52425
2.46 2.46 2.65126 2.53618
2.47 2.47 2.66403 2.54805
2.48 2.48 2.67665 2.55987
2.49 2.49 2.68912 2.57163
2.5 2.5 2.70144 2.58333
2.51 2.51 2.7136 2.59497
2.52 2.52 2.72559 2.60653
2.53 2.53 2.73741 2.61802
2.54 2.54 2.74905 2.62942
2.55 2.55 2.76051 2.64075
2.56 2.56 2.77178 2.65199
2.57 2.57 2.78286 2.66314
2.58 2.58 2.79373 2.67419
2.59 2.59 2.80441 2.68515
2.6 2.6 2.81487 2.696
2.61 2.61 2.82512 2.70675
2.62 2.62 2.83515 2.71738
2.63 2.63 2.84496 2.7279
2.64 2.64 2.85453 2.7383
2.65 2.65 2.86387 2.74858
2.66 2.66 2.87296 2.75874
2.67 2.67 2.88181 2.76876
2.68 2.68 2.8904 2.77865
2.69 2.69 2.89874 2.78839
2.7 2.7 2.90681 2.798
2.71 2.71 2.91462 2.80746
2.72 2.72 2.92215 2.81677
2.73 2.73 2.9294 2.82592
2.74 2.74 2.93637 2.83492
2.75 2.75 2.94305 2.84375
2.76 2.76 2.94943 2.85242
2.77 2.77 2.95551 2.86091
2.78 2.78 2.96129 2.86923
2.79 2.79 2.96675 2.87737
2.8 2.8 2.9719 2.88533
2.81 2.81 2.97672 2.89311
2.82 2.82 2.98122 2.90069
2.83 2.83 2.98538 2.90808
2.84 2.84 2.98921 2.91526
2.85 2.85 2.99269 2.92225
2.86 2.86 2.99582 2.92903
2.87 2.87 2.9986 2.9356
2.88 2.88 3.00102 2.94195
2.89 2.89 3.00307 2.94809
2.9 2.9 3.00475 2.954
2.91 2.91 3.00606 2.95969
2.92 2.92 3.00698 2.96514
2.93 2.93 3.00752 2.97036
2.94 2.94 3.00766 2.97534
2.95 2.95 3.00741 2.98008
2.96 2.96 3.00676 2.98458
2.97 2.97 3.00569 2.98882
2.98 2.98 3.00422 2.99281
2.99 2.99 3.00232 2.99653
3 3 3 3
3.01 3.00947 2.99725 2.98993
3.02 3.01789 2.99408 2.97974
3.03 3.02529 2.9905 2.96942
3.04 3.03168 2.98651 2.95898
3.05 3.03708 2.98213 2.94842
3.06 3.04152 2.97736 2.93774
3.07 3.04501 2.97221 2.92696
3.08 3.04757 2.96669 2.91607
3.09 3.04923 2.96081 2.90509
3.1 3.05 2.95457 2.894
3.11 3.0499 2.94799 2.88282
3.12 3.04896 2.94107 2.87155
3.13 3.04719 2.93382 2.8602
3.14 3.04461 2.92625 2.84876
3.15 3.04125 2.91837 2.83725
3.16 3.03712 2.91019 2.82566
3.17 3.03224 2.90171 2.81401
3.18 3.02664 2.89294 2.80229
3.19 3.02033 2.8839 2.79051
3.2 3.01333 2.87458 2.77867
3.21 3.00567 2.86501 2.76677
3.22 2.99736 2.85518 2.75483
3.23 2.98842 2.84511 2.74284
3.24 2.97888 2.8348 2.73082
3.25 2.96875 2.82426 2.71875
3.26 2.95805 2.8135 2.70665
3.27 2.94681 2.80253 2.69452
3.28 2.93504 2.79136 2.68237
3.29 2.92276 2.78 2.67019
3.3 2.91 2.76845 2.658
3.31 2.89677 2.75672 2.64579
3.32 2.88309 2.74482 2.63358
3.33 2.86899 2.73276 2.62136
3.34 2.85448 2.72055 2.60914
3.35 2.83958 2.7082 2.59692
3.36 2.82432 2.69571 2.5847
3.37 2.80871 2.6831 2.5725
3.38 2.79277 2.67036 2.56031
3.39 2.77653 2.65752 2.54815
3.4 2.76 2.64457 2.536
3.41 2.7432 2.63153 2.52388
3.42 2.72616 2.61841 2.51179
3.43 2.70889 2.60521 2.49974
3.44 2.69141 2.59194 2.48772
3.45 2.67375 2.57861 2.47575
3.46 2.65592 2.56524 2.46382
3.47 2.63794 2.55181 2.45195
3.48 2.61984 2.53836 2.44013
3.49 2.60163 2.52488 2.42837
3.5 2.58333 2.51138 2.41667
3.51 2.56497 2.49787 2.40503
3.52 2.54656 2.48436 2.39347
3.53 2.52812 2.47086 2.38198
3.54 2.50968 2.45737 2.37058
3.55 2.49125 2.44391 2.35925
3.56 2.47285 2.43048 2.34801
3.57 2.45451 2.4171 2.33686
3.58 2.43624 2.40376 2.32581
3.59 2.41806 2.39048 2.31485
3.6 2.4 2.37727 2.304
3.61 2.38207 2.36413 2.29325
3.62 2.36429 2.35108 2.28262
3.63 2.34669 2.33812 2.2721
3.64 2.32928 2.32526 2.2617
3.65 2.31208 2.3125 2.25142
3.66 2.29512 2.29987 2.24126
3.67 2.27841 2.28736 2.23124
3.68 2.26197 2.27498 2.22135
3.69 2.24583 2.26275 2.21161
3.7 2.23 2.25067 2.202
3.71 2.2145 2.23874 2.19254
3.72 2.19936 2.22699 2.18323
3.73 2.18459 2.21541 2.17408
3.74 2.17021 2.20401 2.16508
3.75 2.15625 2.19281 2.15625
3.76 2.14272 2.1818 2.14758
3.77 2.12964 2.17101 2.13909
3.78 2.11704 2.16044 2.13077
3.79 2.10493 2.15009 2.12263
3.8 2.09333 2.13998 2.11467
3.81 2.08227 2.13011 2.10689
3.82 2.07176 2.12049 2.09931
3.83 2.06182 2.11113 2.09192
3.84 2.05248 2.10204 2.08474
3.85 2.04375 2.09323 2.07775
3.86 2.03565 2.0847 2.07097
3.87 2.02821 2.07647 2.0644
3.88 2.02144 2.06854 2.05805
3.89 2.01536 2.06092 2.05191
3.9 2.01 2.05362 2.046
3.91 2.00537 2.04664 2.04031
3.92 2.00149 2.04001 2.03486
3.93 1.99839 2.03371 2.02964
3.94 1.99608 2.02777 2.02466
3.95 1.99458 2.02219 2.01992
3.96 1.99392 2.01698 2.01542
3.97 1.99411 2.01215 2.01118
3.98 1.99517 2.0077 2.00719
3.99 1.99713 2.00365 2.00347
4 2 2 2
4.01 2.00337 1.99676 2.00997
4.02 2.0068 1.99393 2.01987
4.03 2.01031 1.9915 2.02971
4.04 2.01389 1.98947 2.03949
4.05 2.01754 1.98783 2.04921
4.06 2.02127 1.98659 2.05887
4.07 2.02508 1.98573 2.06848
4.08 2.02897 1.98525 2.07804
4.09 2.03294 1.98515 2.08754
4.1 2.037 1.98542 2.097
4.11 2.04114 1.98606 2.10641
4.12 2.04538 1.98707 2.11578
4.13 2.0497 1.98843 2.1251
4.14 2.05411 1.99015 2.13438
4.15 2.05862 1.99223 2.14362
4.16 2.06323 1.99465 2.15283
4.17 2.06794 1.99741 2.162
4.18 2.07274 2.00051 2.17114
4.19 2.07765 2.00395 2.18025
4.2 2.08267 2.00772 2.18933
4.21 2.08779 2.01181 2.19839
4.22 2.09302 2.01622 2.20742
4.23 2.09836 2.02096 2.21642
4.24 2.10381 2.026 2.22541
4.25 2.10937 2.03135 2.23437
4.26 2.11506 2.03701 2.24333
4.27 2.12086 2.04297 2.25226
4.28 2.12678 2.04923 2.26118
4.29 2.13283 2.05577 2.2701
4.3 2.139 2.06261 2.279
4.31 2.1453 2.06972 2.2879
4.32 2.15172 2.07712 2.29679
4.33 2.15828 2.08479 2.30568
4.34 2.16497 2.09273 2.31457
4.35 2.17179 2.10094 2.32346
4.36 2.17875 2.10941 2.33235
4.37 2.18585 2.11813 2.34125
4.38 2.19309 2.12711 2.35016
4.39 2.20047 2.13634 2.35907
4.4 2.208 2.14581 2.368
4.41 2.21567 2.15552 2.37694
4.42 2.2235 2.16547 2.3859
4.43 2.23147 2.17565 2.39487
4.44 2.23959 2.18606 2.40386
4.45 2.24787 2.19669 2.41287
4.46 2.25631 2.20755 2.42191
4.47 2.26491 2.21861 2.43097
4.48 2.27366 2.22989 2.44006
4.49 2.28258 2.24137 2.44918
4.5 2.29167 2.25305 2.45833
4.51 2.30092 2.26493 2.46752
4.52 2.31034 2.27701 2.47674
4.53 2.31993 2.28927 2.48599
4.54 2.32969 2.30172 2.49529
4.55 2.33962 2.31435 2.50462
4.56 2.34974 2.32715 2.51401
4.57 2.36003 2.34013 2.52343
4.58 2.3705 2.35327 2.5329
4.59 2.38116 2.36658 2.54243
4.6 2.392 2.38005 2.552
4.61 2.40303 2.39367 2.56163
4.62 2.41424 2.40744 2.57131
4.63 2.42565 2.42136 2.58105
4.64 2.43725 2.43542 2.59085
4.65 2.44904 2.44962 2.60071
4.66 2.46103 2.46395 2.61063
4.67 2.47322 2.47841 2.62062
4.68 2.48561 2.49299 2.63068
4.69 2.4982 2.5077 2.6408
4.7 2.511 2.52252 2.651
4.71 2.524 2.53746 2.66127
4.72 2.53722 2.5525 2.67162
4.73 2.55064 2.56764 2.68204
4.74 2.56427 2.58289 2.69254
4.75 2.57812 2.59822 2.70312
4.76 2.59219 2.61365 2.71379
4.77 2.60648 2.62917 2.72454
4.78 2.62098 2.64477 2.73538
4.79 2.63571 2.66044 2.74631
4.8 2.65067 2.67619 2.75733
4.81 2.66585 2.69201 2.76845
4.82 2.68126 2.70789 2.77966
4.83 2.6969 2.72384 2.79096
4.84 2.71277 2.73983 2.80237
4.85 2.72887 2.75589 2.81387
4.86 2.74522 2.77199 2.82549
4.87 2.7618 2.78813 2.8372
4.88 2.77862 2.80431 2.84902
4.89 2.79569 2.82053 2.86096
4.9 2.813 2.83678 2.873
4.91 2.83056 2.85305 2.88516
4.92 2.84836 2.86935 2.89743
4.93 2.86642 2.88566 2.90982
4.94 2.88473 2.90199 2.92233
4.95 2.90329 2.91833 2.93496
4.96 2.92211 2.93467 2.94771
4.97 2.94119 2.95101 2.96059
4.98 2.96053 2.96735 2.9736
4.99 2.98013 2.98368 2.98673
5 3 3 3
5.01 3.02 3.0163 3.02
5.02 3.04 3.03259 3.04
5.03 3.06 3.04887 3.06
5.04 3.08 3.06514 3.08
5.05 3.1 3.08141 3.1
5.06 3.12 3.09767 3.12
5.07 3.14 3.11393 3.14
5.08 3.16 3.1302 3.16
5.09 3.18 3.14647 3.18
5.1 3.2 3.16274 3.2
5.11 3.22 3.17903 3.22
5.12 3.24 3.19533 3.24
5.13 3.26 3.21165 3.26
5.14 3.28 3.22799 3.28
5.15 3.3 3.24435 3.3
5.16 3.32 3.26073 3.32
5.17 3.34 3.27714 3.34
5.18 3.36 3.29358 3.36
5.19 3.38 3.31005 3.38
5.2 3.4 3.32655 3.4
5.21 3.42 3.3431 3.42
5.22 3.44 3.35968 3.44
5.23 3.46 3.37631 3.46
5.24 3.48 3.39298 3.48
5.25 3.5 3.4097 3.5
5.26 3.52 3.42647 3.52
5.27 3.54 3.4433 3.54
5.28 3.56 3.46018 3.56
5.29 3.58 3.47713 3.58
5.3 3.6 3.49413 3.6
5.31 3.62 3.5112 3.62
5.32 3.64 3.52834 3.64
5.33 3.66 3.54554 3.66
5.34 3.68 3.56282 3.68
5.35 3.7 3.58018 3.7
5.36 3.72 3.59761 3.72
5.37 3.74 3.61513 3.74
5.38 3.76 3.63272 3.76
5.39 3.78 3.65041 3.78
5.4 3.8 3.66818 3.8
5.41 3.82 3.68605 3.82
5.42 3.84 3.70401 3.84
5.43 3.86 3.72206 3.86
5.44 3.88 3.74022 3.88
5.45 3.9 3.75848 3.9
5.46 3.92 3.77685 3.92
5.47 3.94 3.79532 3.94
5.48 3.96 3.8139 3.96
5.49 3.98 3.8326 3.98
5.5 4 3.85142 4
5.51 4.02 3.87035 4.02
5.52 4.04 3.8894 4.04
5.53 4.06 3.90858 4.06
5.54 4.08 3.92789 4.08
5.55 4.1 3.94732 4.1
5.56 4.12 3.96689 4.12
5.57 4.14 3.98659 4.14
5.58 4.16 4.00643 4.16
5.59 4.18 4.02641 4.18
5.6 4.2 4.04653 4.2
5.61 4.22 4.0668 4.22
5.62 4.24 4.08722 4.24
5.63 4.26 4.10779 4.26
5.64 4.28 4.12852 4.28
5.65 4.3 4.1494 4.3
5.66 4.32 4.17044 4.32
5.67 4.34 4.19164 4.34
5.68 4.36 4.21301 4.36
5.69 4.38 4.23454 4.38
5.7 4.4 4.25625 4.4
5.71 4.42 4.27813 4.42
5.72 4.44 4.30018 4.44
5.73 4.46 4.32241 4.46
5.74 4.48 4.34482 4.48
5.75 4.5 4.36742 4.5
5.76 4.52 4.39021 4.52
5.77 4.54 4.41318 4.54
5.78 4.56 4.43634 4.56
5.79 4.58 4.4597 4.58
5.8 4.6 4.48326 4.6
5.81 4.62 4.50702 4.62
5.82 4.64 4.53097 4.64
5.83 4.66 4.55514 4.66
5.84 4.68 4.57951 4.68
5.85 4.7 4.6041 4.7
5.86 4.72 4.62889 4.72
5.87 4.74 4.65391 4.74
5.88 4.76 4.67914 4.76
5.89 4.78 4.7046 4.78
5.9 4.8 4.73027 4.8
5.91 4.82 4.75618 4.82
5.92 4.84 4.78232 4.84
5.93 4.86 4.80868 4.86
5.94 4.88 4.83529 4.88
5.95 4.9 4.86213 4.9
5.96 4.92 4.88921 4.92
5.97 4.94 4.91654 4.94
5.98 4.96 4.94411 4.96
5.99 4.98 4.97193 4.98
6 5 5 5
6.01 5.02 5.02832 5.0202
6.02 5.04 5.05689 5.04078
6.03 5.06 5.08568 5.06175
6.04 5.08 5.11469 5.08307
6.05 5.1 5.14391 5.10475
6.06 5.12 5.17331 5.12677
6.07 5.14 5.2029 5.14911
6.08 5.16 5.23265 5.17178
6.09 5.18 5.26255 5.19474
6.1 5.2 5.2926 5.218
6.11 5.22 5.32278 5.24154
6.12 5.24 5.35307 5.26534
6.13 5.26 5.38346 5.28941
6.14 5.28 5.41395 5.31371
6.15 5.3 5.44451 5.33825
6.16 5.32 5.47514 5.36301
6.17 5.34 5.50583 5.38797
6.18 5.36 5.53655 5.41314
6.19 5.38 5.5673 5.43848
6.2 5.4 5.59807 5.464
6.21 5.42 5.62885 5.48968
6.22 5.44 5.65961 5.5155
6.23 5.46 5.69035 5.54147
6.24 5.48 5.72106 5.56755
6.25 5.5 5.75172 5.59375
6.26 5.52 5.78232 5.62005
6.27 5.54 5.81285 5.64643
6.28 5.56 5.84329 5.6729
6.29 5.58 5.87364 5.69942
6.3 5.6 5.90387 5.726
6.31 5.62 5.93399 5.75262
6.32 5.64 5.96397 5.77926
6.33 5.66 5.9938 5.80593
6.34 5.68 6.02348 5.83259
6.35 5.7 6.05298 5.85925
6.36 5.72 6.08229 5.88589
6.37 5.74 6.11141 5.91249
6.38 5.76 6.14032 5.93906
6.39 5.78 6.16901 5.96556
6.4 5.8 6.19746 5.992
6.41 5.82 6.22566 6.01836
6.42 5.84 6.25361 6.04462
6.43 5.86 6.28128 6.07079
6.44 5.88 6.30866 6.09683
6.45 5.9 6.33575 6.12275
6.46 5.92 6.36253 6.14853
6.47 5.94 6.38899 6.17415
6.48 5.96 6.4151 6.19962
6.49 5.98 6.44088 6.2249
6.5 6 6.46629 6.25
6.51 6.02 6.49133 6.2749
6.52 6.04 6.51598 6.29958
6.53 6.06 6.54023 6.32405
6.54 6.08 6.56408 6.34827
6.55 6.1 6.5875 6.37225
6.56 6.12 6.61048 6.39597
6.57 6.14 6.63302 6.41941
6.58 6.16 6.65509 6.44258
6.59 6.18 6.6767 6.46544
6.6 6.2 6.69781 6.488
6.61 6.22 6.71843 6.51024
6.62 6.24 6.73854 6.53214
6.63 6.26 6.75812 6.55371
6.64 6.28 6.77717 6.57491
6.65 6.3 6.79566 6.59575
6.66 6.32 6.8136 6.61621
6.67 6.34 6.83097 6.63627
6.68 6.36 6.84774 6.65594
6.69 6.38 6.86392 6.67518
6.7 6.4 6.87949 6.694
6.71 6.42 6.89443 6.71238
6.72 6.44 6.90874 6.7303
6.73 6.46 6.9224 6.74777
6.74 6.48 6.93539 6.76475
6.75 6.5 6.94771 6.78125
6.76 6.52 6.95935 6.79725
6.77 6.54 6.97029 6.81273
6.78 6.56 6.98051 6.8277
6.79 6.58 6.99001 6.84212
6.8 6.6 6.99877 6.856
6.81 6.62 7.00679 6.86932
6.82 6.64 7.01404 6.88206
6.83 6.66 7.02052 6.89423
6.84 6.68 7.02621 6.90579
6.85 6.7 7.0311 6.91675
6.86 6.72 7.03518 6.92709
6.87 6.74 7.03844 6.93679
6.88 6.76 7.04085 6.94586
6.89 6.78 7.04242 6.95426
6.9 6.8 7.04313 6.962
6.91 6.82 7.04296 6.96906
6.92 6.84 7.0419 6.97542
6.93 6.86 7.03994 6.98109
6.94 6.88 7.03708 6.98603
6.95 6.9 7.03328 6.99025
6.96 6.92 7.02855 6.99373
6.97 6.94 7.02287 6.99645
6.98 6.96 7.01623 6.99842
6.99 6.98 7.00861 6.9996
7 7 7 7
7.01 7.01874 6.9904 6.95993
7.02 7.03497 6.97981 6.91974
7.03 7.04875 6.96824 6.87942
7.04 7.0601 6.9557 6.83898
7.05 7.06907 6.94221 6.79842
7.06 7.07571 6.92778 6.75774
7.07 7.08004 6.91242 6.71696
7.08 7.08212 6.89613 6.67607
7.09 7.08197 6.87894 6.63509
7.1 7.07965 6.86085 6.594
7.11 7.07518 6.84188 6.55282
7.12 7.06862 6.82203 6.51155
7.13 7.06 6.80132 6.4702
7.14 7.04937 6.77976 6.42876
7.15 7.03675 6.75736 6.38725
7.16 7.0222 6.73413 6.34566
7.17 7.00575 6.71008 6.30401
7.18 6.98744 6.68523 6.26229
7.19 6.96731 6.65958 6.22051
7.2 6.94541 6.63315 6.17867
7.21 6.92177 6.60596 6.13677
7.22 6.89644 6.578 6.09483
7.23 6.86945 6.54929 6.05284
7.24 6.84084 6.51985 6.01082
7.25 6.81066 6.48968 5.96875
7.26 6.77894 6.4588 5.92665
7.27 6.74573 6.42722 5.88452
7.28 6.71107 6.39494 5.84237
7.29 6.67499 6.36199 5.80019
7.3 6.63753 6.32837 5.758
7.31 6.59874 6.2941 5.71579
7.32 6.55866 6.25917 5.67358
7.33 6.51732 6.22362 5.63136
7.34 6.47477 6.18744 5.58914
7.35 6.43104 6.15066 5.54692
7.36 6.38619 6.11327 5.5047
7.37 6.34024 6.0753 5.4625
7.38 6.29324 6.03675 5.42031
7.39 6.24522 5.99764 5.37815
7.4 6.19624 5.95798 5.336
7.41 6.14632 5.91777 5.29388
7.42 6.09551 5.87703 5.25179
7.43 6.04385 5.83578 5.20974
7.44 5.99138 5.79401 5.16772
7.45 5.93813 5.75176 5.12575
7.46 5.88416 5.70901 5.08382
7.47 5.8295 5.6658 5.04195
7.48 5.77418 5.62212 5.00013
7.49 5.71826 5.578 4.95837
7.5 5.66176 5.53344 4.91667
7.51 5.60474 5.48844 4.87503
7.52 5.54723 5.44304 4.83347
7.53 5.48927 5.39723 4.79198
7.54 5.4309 5.35103 4.75058
7.55 5.37216 5.30444 4.70925
7.56 5.3131 5.25749 4.66801
7.57 5.25374 5.21018 4.62686
7.58 5.19414 5.16253 4.58581
7.59 5.13433 5.11453 4.54485
7.6 5.07435 5.06622 4.504
7.61 5.01425 5.01759 4.46325
7.62 4.95406 4.96867 4.42262
7.63 4.89382 4.91945 4.3821
7.64 4.83358 4.86995 4.3417
7.65 4.77337 4.82019 4.30142
7.66 4.71323 4.77018 4.26126
7.67 4.65321 4.71992 4.22124
7.68 4.59334 4.66943 4.18135
7.69 4.53367 4.61872 4.14161
7.7 4.47424 4.5678 4.102
7.71 4.41507 4.51668 4.06254
7.72 4.35623 4.46538 4.02323
7.73 4.29774 4.4139 3.98408
7.74 4.23964 4.36226 3.94508
7.75 4.18199 4.31047 3.90625
7.76 4.1248 4.25854 3.86758
7.77 4.06814 4.20648 3.82909
7.78 4.01203 4.1543 3.79077
7.79 3.95652 4.10202 3.75263
7.8 3.90165 4.04964 3.71467
7.81 3.84745 3.99718 3.67689
7.82 3.79397 3.94465 3.63931
7.83 3.74125 3.89206 3.60192
7.84 3.68933 3.83942 3.56474
7.85 3.63825 3.78675 3.52775
7.86 3.58805 3.73405 3.49097
7.87 3.53876 3.68133 3.4544
7.88 3.49044 3.62862 3.41805
7.89 3.44311 3.57591 3.38191
7.9 3.39682 3.52322 3.346
7.91 3.35162 3.47056 3.31031
7.92 3.30753 3.41795 3.27486
7.93 3.26461 3.3654 3.23964
7.94 3.22288 3.31291 3.20466
7.95 3.1824 3.26049 3.16992
7.96 3.14319 3.20817 3.13542
7.97 3.10531 3.15595 3.10118
7.98 3.06879 3.10384 3.06719
7.99 3.03368 3.05185 3.03347
8 3 3 3
8.01 2.96677 2.9483 2.97964
8.02 2.93299 2.89675 2.95856
8.03 2.89867 2.84539 2.9368
8.04 2.86385 2.79421 2.91437
8.05 2.82854 2.74324 2.89129
8.06 2.79278 2.69249 2.86759
8.07 2.75659 2.64198 2.84329
8.08 2.71999 2.59171 2.81841
8.09 2.68301 2.54171 2.79297
8.1 2.64568 2.49199 2.767
8.11 2.60801 2.44256 2.74051
8.12 2.57004 2.39343 2.71354
8.13 2.5318 2.34463 2.68609
8.14 2.49329 2.29617 2.65819
8.15 2.45456 2.24806 2.62988
8.16 2.41563 2.20032 2.60115
8.17 2.37651 2.15296 2.57205
8.18 2.33725 2.10599 2.54258
8.19 2.29785 2.05944 2.51278
8.2 2.25835 2.01331 2.48267
8.21 2.21878 1.96762 2.45226
8.22 2.17915 1.92239 2.42158
8.23 2.13949 1.87762 2.39065
8.24 2.09984 1.83334 2.35949
8.25 2.0602 1.78956 2.32813
8.26 2.02062 1.74629 2.29658
8.27 1.9811 1.70355 2.26487
8.28 1.94169 1.66135 2.23302
8.29 1.9024 1.61971 2.20106
8.3 1.86326 1.57864 2.169
8.31 1.8243 1.53816 2.13687
8.32 1.78554 1.49828 2.10468
8.33 1.747 1.45901 2.07247
8.34 1.70871 1.42038 2.04025
8.35 1.67069 1.38239 2.00804
8.36 1.63298 1.34506 1.97587
8.37 1.5956 1.3084 1.94376
8.38 1.55856 1.27244 1.91173
8.39 1.5219 1.23718 1.8798
8.4 1.48565 1.20264 1.848
8.41 1.44982 1.16883 1.81634
8.42 1.41444 1.13577 1.78486
8.43 1.37954 1.10347 1.75356
8.44 1.34514 1.07195 1.72247
8.45 1.31128 1.04122 1.69163
8.46 1.27796 1.0113 1.66103
8.47 1.24522 0.982199 1.63072
8.48 1.21309 0.953934 1.6007
8.49 1.18159 0.926521 1.57101
8.5 1.15074 0.899972 1.54167
8.51 1.12056 0.874304 1.51269
8.52 1.0911 0.84953 1.4841
8.53 1.06236 0.825666 1.45592
8.54 1.03438 0.802726 1.42817
8.55 1.00718 0.780724 1.40088
8.56 0.980785 0.759676 1.37406
8.57 0.955221 0.739596 1.34774
8.58 0.930512 0.720498 1.32194
8.59 0.906685 0.702398 1.29669
8.6 0.883765 0.68531 1.272
8.61 0.861776 0.669248 1.2479
8.62 0.840744 0.654228 1.2244
8.63 0.820695 0.640264 1.20154
8.64 0.801653 0.62737 1.17933
8.65 0.783643 0.615562 1.15779
8.66 0.766692 0.604854 1.13695
8.67 0.750824 0.595261 1.11683
8.68 0.736064 0.586797 1.09745
8.69 0.722438 0.579477 1.07883
8.7 0.709971 0.573315 1.061
8.71 0.698687 0.568327 1.04397
8.72 0.688614 0.564527 1.02778
8.73 0.679774 0.56193 1.01243
8.74 0.672195 0.56055 0.997955
8.75 0.665901 0.560402 0.984375
8.76 0.660917 0.5615 0.971712
8.77 0.657268 0.56386 0.959988
8.78 0.65498 0.567496 0.949224
8.79 0.654079 0.572423 0.939443
8.8 0.654588 0.578655 0.930667
8.81 0.656534 0.586207 0.922917
8.82 0.659942 0.595093 0.916216
8.83 0.664836 0.605329 0.910586
8.84 0.671243 0.616929 0.906048
8.85 0.679187 0.629908 0.902625
8.86 0.688694 0.64428 0.900339
8.87 0.699789 0.66006 0.899211
8.88 0.712497 0.677263 0.899264
8.89 0.726843 0.695903 0.90052
8.9 0.742853 0.715994 0.903
8.91 0.760552 0.737553 0.906727
8.92 0.779964 0.760593 0.911723
8.93 0.801116 0.785129 0.918009
8.94 0.824033 0.811175 0.925608
8.95 0.848739 0.838747 0.934542
8.96 0.87526 0.867859 0.944832
8.97 0.903622 0.898526 0.956501
8.98 0.933849 0.930762 0.969571
8.99 0.965966 0.964581 0.984063
9 1 1 1
9.01 1.03609 1.03703 1.0903
9.02 1.07436 1.07565 1.18118
9.03 1.11475 1.11586 1.27262
9.04 1.15725 1.15763 1.36461
9.05 1.20181 1.20094 1.45712
9.06 1.24841 1.2458 1.55015
9.07 1.29701 1.29216 1.64367
9.08 1.34758 1.34003 1.73766
9.09 1.40009 1.38938 1.83211
9.1 1.4545 1.4402 1.927
9.11 1.51078 1.49248 2.02231
9.12 1.5689 1.54619 2.11802
9.13 1.62882 1.60131 2.21411
9.14 1.69051 1.65784 2.31057
9.15 1.75394 1.71576 2.40737
9.16 1.81907 1.77505 2.50451
9.17 1.88588 1.8357 2.60196
9.18 1.95432 1.89769 2.6997
9.19 2.02438 1.96099 2.79772
9.2 2.096 2.02561 2.896
9.21 2.16916 2.09151 2.99452
9.22 2.24384 2.15869 3.09326
9.23 2.31998 2.22713 3.1922
9.24 2.39757 2.29681 3.29133
9.25 2.47656 2.36772 3.39062
9.26 2.55693 2.43983 3.49007
9.27 2.63864 2.51314 3.58965
9.28 2.72166 2.58763 3.68934
9.29 2.80596 2.66328 3.78913
9.3 2.8915 2.74008 3.889
9.31 2.97825 2.818 3.98893
9.32 3.06618 2.89704 4.0889
9.33 3.15525 2.97717 4.18889
9.34 3.24543 3.05839 4.28889
9.35 3.33669 3.14067 4.38887
9.36 3.42899 3.224 4.48883
9.37 3.52231 3.30836 4.58874
9.38 3.6166 3.39374 4.68858
9.39 3.71185 3.48011 4.78834
9.4 3.808 3.56748 4.888
9.41 3.90503 3.65581 4.98754
9.42 4.00292 3.74509 5.08694
9.43 4.10161 3.83531 5.18618
9.44 4.20109 3.92644 5.28525
9.45 4.30131 4.01848 5.38412
9.46 4.40225 4.11141 5.48279
9.47 4.50387 4.20521 5.58123
9.48 4.60614 4.29987 5.67942
9.49 4.70903 4.39536 5.77735
9.5 4.8125 4.49168 5.875
9.51 4.91652 4.5888 5.97235
9.52 5.02106 4.68671 6.06938
9.53 5.12608 4.7854 6.16607
9.54 5.23155 4.88485 6.26241
9.55 5.33744 4.98503 6.35837
9.56 5.44371 5.08595 6.45395
9.57 5.55034 5.18757 6.54912
9.58 5.65728 5.28989 6.64386
9.59 5.76452 5.39288 6.73816
9.6 5.872 5.49654 6.832
9.61 5.9797 5.60084 6.92536
9.62 6.0876 5.70577 7.01822
9.63 6.19564 5.81132 7.11056
9.64 6.30381 5.91746 7.20237
9.65 6.41206 6.02418 7.29362
9.66 6.52037 6.13147 7.38431
9.67 6.6287 6.2393 7.47441
9.68 6.73702 6.34767 7.5639
9.69 6.8453 6.45656 7.65277
9.7 6.9535 6.56594 7.741
9.71 7.06159 6.67581 7.82857
9.72 7.16954 6.78614 7.91546
9.73 7.27731 6.89693 8.00165
9.74 7.38487 7.00815 8.08713
9.75 7.49219 7.1198 8.17187
9.76 7.59923 7.23184 8.25587
9.77 7.70597 7.34428 8.3391
9.78 7.81236 7.45708 8.42154
9.79 7.91839 7.57024 8.50318
9.8 8.024 7.68374 8.584
9.81 8.12917 7.79756 8.66398
9.82 8.23388 7.91169 8.7431
9.83 8.33807 8.0261 8.82134
9.84 8.44173 8.1408 8.89869
9.85 8.54481 8.25575 8.97512
9.86 8.64729 8.37094 9.05063
9.87 8.74913 8.48636 9.12519
9.88 8.8503 8.60198 9.19878
9.89 8.95077 8.7178 9.27139
9.9 9.0505 8.8338 9.343
9.91 9.14946 8.94996 9.41359
9.92 9.24762 9.06627 9.48314
9.93 9.34494 9.1827 9.55163
9.94 9.44139 9.29925 9.61905
9.95 9.53694 9.41589 9.68537
9.96 9.63155 9.53262 9.75059
9.97 9.7252 9.64941 9.81468
9.98 9.81784 9.76624 9.87762
9.99 9.90946 9.88311 9.9394
10 10 10 10


1 1 1 1
1.01 1.29287 1.46603 1.10624
1.02 1.59137 1.93196 1.21498
1.03 1.89532 2.39767 1.32627
1.04 2.20454 2.86307 1.44013
1.05 2.51888 3.32804 1.5566
1.06 2.83814 3.79249 1.67573
1.07 3.16215 4.2563 1.79755
1.08 3.49075 4.71937 1.92209
1.09 3.82376 5.1816 2.0494
1.1 4.161 5.64288 2.1795
1.11 4.5023 6.1031 2.31244
1.12 4.84749 6.56216 2.44826
1.13 5.19639 7.01995 2.58698
1.14 5.54882 7.47637 2.72865
1.15 5.90463 7.93131 2.87331
1.16 6.26362 8.38466 3.02099
1.17 6.62562 8.83633 3.17173
1.18 6.99047 9.28619 3.32556
1.19 7.35799 9.73416 3.48253
1.2 7.728 10.1801 3.64267
1.21 8.10033 10.624 3.80601
1.22 8.47481 11.0656 3.9726
1.23 8.85126 11.5049 4.14246
1.24 9.2295 11.9418 4.31565
1.25 9.60938 12.3761 4.49219
1.26 9.9907 12.8078 4.67212
1.27 10.3733 13.2368 4.85548
1.28 10.757 13.6629 5.0423
1.29 11.1416 14.086 5.23263
1.3 11.527 14.5061 5.4265
1.31 11.913 14.923 5.62394
1.32 12.2993 15.3367 5.825
1.33 12.6859 15.7469 6.02971
1.34 13.0726 16.1537 6.23811
1.35 13.4591 16.5569 6.45023
1.36 13.8454 16.9564 6.66611
1.37 14.2312 17.352 6.88579
1.38 14.6163 17.7438 7.10931
1.39 15.0006 18.1316 7.3367
1.4 15.384 18.5152 7.568
1.41 15.7662 18.8946 7.80325
1.42 16.147 19.2697 8.04248
1.43 16.5264 19.6404 8.28573
1.44 16.9041 20.0065 8.53303
1.45 17.2799 20.3679 8.78444
1.46 17.6537 20.7246 9.03997
1.47 18.0252 21.0765 9.29968
1.48 18.3944 21.4234 9.56358
1.49 18.7611 21.7652 9.83174
1.5 19.125 22.1018 10.1042
1.51 19.486 22.4332 10.3809
1.52 19.844 22.7591 10.662
1.53 20.1987 23.0796 10.9475
1.54 20.5499 23.3945 11.2374
1.55 20.8976 23.7036 11.5318
1.56 21.2415 24.007 11.8307
1.57 21.5815 24.3045 12.1341
1.58 21.9174 24.5959 12.4421
1.59 22.2489 24.8812 12.7547
1.6 22.576 25.1602 13.072
1.61 22.8985 25.433 13.3939
1.62 23.2161 25.6993 13.7206
1.63 23.5287 25.959 14.0521
1.64 23.8362 26.2121 14.3883
1.65 24.1384 26.4584 14.7294
1.66 24.435 26.6979 15.0753
1.67 24.726 26.9303 15.4261
1.68 25.0111 27.1558 15.7819
1.69 25.2901 27.374 16.1427
1.7 25.563 27.5849 16.5085
1.71 25.8295 27.7885 16.8794
1.72 26.0894 27.9845 17.2553
1.73 26.3426 28.1729 17.6364
1.74 26.5889 28.3537 18.0226
1.75 26.8281 28.5266 18.4141
1.76 27.0601 28.6916 18.8108
1.77 27.2846 28.8485 19.2127
1.78 27.5016 28.9974 19.62
1.79 27.7108 29.1379 20.0326
1.8 27.912 29.2702 20.4507
1.81 28.1051 29.394 20.8741
1.82 28.2899 29.5092 21.303
1.83 28.4663 29.6158 21.7375
1.84 28.634 29.7136 22.1774
1.85 28.7929 29.8025 22.6229
1.86 28.9428 29.8825 23.0741
1.87 29.0835 29.9534 23.5309
1.88 29.2149 30.015 23.9933
1.89 29.3368 30.0674 24.4615
1.9 29.449 30.1104 24.9355
1.91 29.5513 30.1439 25.4153
1.92 29.6436 30.1678 25.9008
1.93 29.7257 30.1819 26.3923
1.94 29.7975 30.1862 26.8897
1.95 29.8586 30.1806 27.393
1.96 29.9091 30.165 27.9023
1.97 29.9486 30.1392 28.4176
1.98 29.977 30.1032 28.939
1.99 29.9942 30.0568 29.4664
2 30 30 30
2.01 29.9914 29.9327 30.4699
2.02 29.9657 29.8549 30.9294
2.03 29.9233 29.767 31.3784
2.04 29.8645 29.669 31.8168
2.05 29.7898 29.5612 32.2443
2.06 29.6993 29.4438 32.6609
2.07 29.5936 29.3168 33.0664
2.08 29.4729 29.1806 33.4605
2.09 29.3376 29.0352 33.8433
2.1 29.188 28.8809 34.2145
2.11 29.0245 28.7178 34.574
2.12 28.8474 28.5462 34.9215
2.13 28.6571 28.3661 35.2571
2.14 28.454 28.1779 35.5804
2.15 28.2383 27.9816 35.8914
2.16 28.0104 27.7774 36.19
2.17 27.7707 27.5655 36.4758
2.18 27.5195 27.3462 36.7489
2.19 27.2571 27.1195 37.009
2.2 26.984 26.8857 37.256
2.21 26.7004 26.6449 37.4897
2.22 26.4068 26.3974 37.7101
2.23 26.1034 26.1432 37.9168
2.24 25.7906 25.8826 38.1099
2.25 25.4688 25.6158 38.2891
2.26 25.1382 25.3429 38.4542
2.27 24.7993 25.0642 38.6052
2.28 24.4524 24.7797 38.7418
2.29 24.0979 24.4898 38.864
2.3 23.736 24.1945 38.9715
2.31 23.3672 23.894 39.0642
2.32 22.9917 23.5886 39.142
2.33 22.61 23.2783 39.2047
2.34 22.2224 22.9634 39.2521
2.35 21.8293 22.6441 39.2842
2.36 21.4308 22.3206 39.3007
2.37 21.0276 21.993 39.3014
2.38 20.6198 21.6614 39.2864
2.39 20.2078 21.3262 39.2553
2.4 19.792 20.9874 39.208
2.41 19.3727 20.6452 39.1444
2.42 18.9503 20.2999 39.0644
2.43 18.5251 19.9516 38.9677
2.44 18.0975 19.6005 38.8542
2.45 17.6678 19.2467 38.7238
2.46 17.2363 18.8905 38.5763
2.47 16.8034 18.532 38.4116
2.48 16.3695 18.1714 38.2295
2.49 15.9349 17.8088 38.0299
2.5 15.5 17.4446 37.8125
2.51 15.0651 17.0788 37.5773
2.52 14.6305 16.7116 37.3241
2.53 14.1966 16.3432 37.0527
2.54 13.7637 15.9738 36.7631
2.55 13.3323 15.6036 36.4549
2.56 12.9025 15.2327 36.1282
2.57 12.4749 14.8614 35.7827
2.58 12.0497 14.4897 35.4182
2.59 11.6273 14.1179 35.0347
2.6 11.208 13.7462 34.632
2.61 10.7922 13.3748 34.2099
2.62 10.3802 13.0037 33.7682
2.63 9.97243 12.6333 33.3069
2.64 9.56915 12.2637 32.8257
2.65 9.17075 11.895 32.3246
2.66 8.77757 11.5275 31.8033
2.67 8.38995 11.1613 31.2616
2.68 8.00826 10.7966 30.6996
2.69 7.63282 10.4336 30.1169
2.7 7.264 10.0724 29.5135
2.71 6.90214 9.71335 28.8892
2.72 6.54758 9.35649 28.2438
2.73 6.20069 9.00203 27.5772
2.74 5.86179 8.65017 26.8892
2.75 5.53125 8.30106 26.1797
2.76 5.20941 7.95491 25.4485
2.77 4.89661 7.61189 24.6955
2.78 4.59322 7.27217 23.9205
2.79 4.29956 6.93594 23.1234
2.8 4.016 6.60338 22.304
2.81 3.74288 6.27467 21.4622
2.82 3.48054 5.94999 20.5977
2.83 3.22935 5.62952 19.7105
2.84 2.98963 5.31343 18.8004
2.85 2.76175 5.00192 17.8673
2.86 2.54605 4.69515 16.911
2.87 2.34287 4.39332 15.9313
2.88 2.15258 4.09659 14.9281
2.89 1.9755 3.80515 13.9012
2.9 1.812 3.51919 12.8505
2.91 1.66242 3.23887 11.7758
2.92 1.5271 2.96438 10.6771
2.93 1.40641 2.69591 9.554
2.94 1.30067 2.43362 8.40651
2.95 1.21025 2.17771 7.23444
2.96 1.13549 1.92834 6.03763
2.97 1.07673 1.68571 4.81594
2.98 1.03434 1.44999 3.5692
2.99 1.00864 1.22136 2.29728
3 1 1 1
3.01 1 0.786047 -0.0479315
3.02 1 0.579452 -1.08159
3.03 1 0.380124 -2.10075
3.04 1 0.187968 -3.10522
3.05 1 0.00289118 -4.09477
3.06 1 -0.175198 -5.0692
3.07 1 -0.346394 -6.0283
3.08 1 -0.510789 -6.97186
3.09 1 -0.668476 -7.89966
3.1 1 -0.819548 -8.8115
3.11 1 -0.964097 -9.70716
3.12 1 -1.10222 -10.5864
3.13 1 -1.234 -11.4491
3.14 1 -1.35954 -12.295
3.15 1 -1.47893 -13.1238
3.16 1 -1.59227 -13.9354
3.17 1 -1.69964 -14.7296
3.18 1 -1.80114 -15.5061
3.19 1 -1.89686 -16.2648
3.2 1 -1.98689 -17.0053
3.21 1 -2.07133 -17.7276
3.22 1 -2.15027 -18.4314
3.23 1 -2.22381 -19.1165
3.24 1 -2.29203 -19.7827
3.25 1 -2.35503 -20.4297
3.26 1 -2.4129 -21.0574
3.27 1 -2.46574 -21.6655
3.28 1 -2.51364 -22.2539
3.29 1 -2.55668 -22.8223
3.3 1 -2.59497 -23.3705
3.31 1 -2.6286 -23.8983
3.32 1 -2.65766 -24.4055
3.33 1 -2.68224 -24.8919
3.34 1 -2.70243 -25.3573
3.35 1 -2.71834 -25.8014
3.36 1 -2.73005 -26.2241
3.37 1 -2.73765 -26.6251
3.38 1 -2.74124 -27.0042
3.39 1 -2.74091 -27.3612
3.4 1 -2.73675 -27.696
3.41 1 -2.72886 -28.0082
3.42 1 -2.71732 -28.2978
3.43 1 -2.70225 -28.5644
3.44 1 -2.68371 -28.8078
3.45 1 -2.66182 -29.0279
3.46 1 -2.63665 -29.2245
3.47 1 -2.60831 -29.3973
3.48 1 -2.57689 -29.546
3.49 1 -2.54247 -29.6706
3.5 1 -2.50516 -29.7708
3.51 1 -2.46505 -29.8464
3.52 1 -2.42222 -29.8972
3.53 1 -2.37678 -29.9229
3.54 1 -2.32881 -29.9233
3.55 1 -2.2784 -29.8983
3.56 1 -2.22566 -29.8476
3.57 1 -2.17067 -29.7711
3.58 1 -2.11353 -29.6684
3.59 1 -2.05433 -29.5395
3.6 1 -1.99316 -29.384
3.61 1 -1.93012 -29.2018
3.62 1 -1.86529 -28.9927
3.63 1 -1.79878 -28.7564
3.64 1 -1.73067 -28.4927
3.65 1 -1.66105 -28.2015
3.66 1 -1.59003 -27.8825
3.67 1 -1.51769 -27.5355
3.68 1 -1.44413 -27.1603
3.69 1 -1.36943 -26.7567
3.7 1 -1.2937 -26.3245
3.71 1 -1.21702 -25.8634
3.72 1 -1.13949 -25.3733
3.73 1 -1.0612 -24.8539
3.74 1 -0.982242 -24.3051
3.75 1 -0.902712 -23.7266
3.76 1 -0.822702 -23.1181
3.77 1 -0.742305 -22.4796
3.78 1 -0.661613 -21.8108
3.79 1 -0.580719 -21.1114
3.8 1 -0.499717 -20.3813
3.81 1 -0.418699 -19.6203
3.82 1 -0.337758 -18.8281
3.83 1 -0.256988 -18.0045
3.84 1 -0.17648 -17.1494
3.85 1 -0.0963292 -16.2624
3.86 1 -0.0166271 -15.3435
3.87 1 0.062533 -14.3923
3.88 1 0.141058 -13.4088
3.89 1 0.218855 -12.3926
3.9 1 0.295832 -11.3435
3.91 1 0.371894 -10.2614
3.92 1 0.44695 -9.14601
3.93 1 0.520906 -7.99715
3.94 1 0.59367 -6.8146
3.95 1 0.665148 -5.59815
3.96 1 0.735247 -4.34758
3.97 1 0.803875 -3.0627
3.98 1 0.870938 -1.74328
3.99 1 0.936344 -0.389119
4 1 1 1
4.01 1 1.06183 2.04793
4.02 1 1.12184 3.08159
4.03 1 1.18003 4.10075
4.04 1 1.23644 5.10522
4.05 1 1.29107 6.09477
4.06 1 1.34395 7.0692
4.07 1 1.3951 8.0283
4.08 1 1.44452 8.97186
4.09 1 1.49224 9.89966
4.1 1 1.53827 10.8115
4.11 1 1.58264 11.7072
4.12 1 1.62536 12.5864
4.13 1 1.66645 13.4491
4.14 1 1.70592 14.295
4.15 1 1.7438 15.1238
4.16 1 1.7801 15.9354
4.17 1 1.81484 16.7296
4.18 1 1.84803 17.5061
4.19 1 1.8797 18.2648
4.2 1 1.90987 19.0053
4.21 1 1.93854 19.7276
4.22 1 1.96574 20.4314
4.23 1 1.99148 21.1165
4.24 1 2.01579 21.7827
4.25 1 2.03867 22.4297
4.26 1 2.06016 23.0574
4.27 1 2.08026 23.6655
4.28 1 2.09899 24.2539
4.29 1 2.11637 24.8223
4.3 1 2.13243 25.3705
4.31 1 2.14717 25.8983
4.32 1 2.16061 26.4055
4.33 1 2.17277 26.8919
4.34 1 2.18368 27.3573
4.35 1 2.19334 27.8014
4.36 1 2.20177 28.2241
4.37 1 2.209 28.6251
4.38 1 2.21503 29.0042
4.39 1 2.2199 29.3612
4.4 1 2.22361 29.696
4.41 1 2.22618 30.0082
4.42 1 2.22763 30.2978
4.43 1 2.22798 30.5644
4.44 1 2.22725 30.8078
4.45 1 2.22544 31.0279
4.46 1 2.22259 31.2245
4.47 1 2.21871 31.3973
4.48 1 2.21382 31.546
4.49 1 2.20792 31.6706
4.5 1 2.20105 31.7708
4.51 1 2.19322 31.8464
4.52 1 2.18445 31.8972
4.53 1 2.17475 31.9229
4.54 1 2.16414 31.9233
4.55 1 2.15264 31.8983
4.56 1 2.14027 31.8476
4.57 1 2.12705 31.7711
4.58 1 2.11298 31.6684
4.59 1 2.0981 31.5395
4.6 1 2.08242 31.384
4.61 1 2.06595 31.2018
4.62 1 2.04871 30.9927
4.63 1 2.03073 30.7564
4.64 1 2.01201 30.4927
4.65 1 1.99258 30.2015
4.66 1 1.97246 29.8825
4.67 1 1.95165 29.5355
4.68 1 1.93019 29.1603
4.69 1 1.90808 28.7567
4.7 1 1.88534 28.3245
4.71 1 1.862 27.8634
4.72 1 1.83807 27.3733
4.73 1 1.81357 26.8539
4.74 1 1.78851 26.3051
4.75 1 1.76291 25.7266
4.76 1 1.73679 25.1181
4.77 1 1.71017 24.4796
4.78 1 1.68307 23.8108
4.79 1 1.6555 23.1114
4.8 1 1.62748 22.3813
4.81 1 1.59903 21.6203
4.82 1 1.57017 20.8281
4.83 1 1.54091 20.0045
4.84 1 1.51127 19.1494
4.85 1 1.48127 18.2624
4.86 1 1.45093 17.3435
4.87 1 1.42027 16.3923
4.88 1 1.38929 15.4088
4.89 1 1.35802 14.3926
4.9 1 1.32649 13.3435
4.91 1 1.29469 12.2614
4.92 1 1.26266 11.146
4.93 1 1.23041 9.99715
4.94 1 1.19796 8.8146
4.95 1 1.16533 7.59815
4.96 1 1.13252 6.34758
4.97 1 1.09957 5.0627
4.98 1 1.06649 3.74328
4.99 1 1.03329 2.38912
5 1 1 1
5.01 1 0.96663 -0.0479315
5.02 1 0.933203 -1.08159
5.03 1 0.899743 -2.10075
5.04 1 0.866272 -3.10522
5.05 1 0.832812 -4.09477
5.06 1 0.799385 -5.0692
5.07 1 0.766013 -6.0283
5.08 1 0.73272 -6.97186
5.09 1 0.699527 -7.89966
5.1 1 0.666457 -8.8115
5.11 1 0.633532 -9.70716
5.12 1 0.600775 -10.5864
5.13 1 0.568207 -11.4491
5.14 1 0.535852 -12.295
5.15 1 0.503731 -13.1238
5.16 1 0.471867 -13.9354
5.17 1 0.440282 -14.7296
5.18 1 0.408999 -15.5061
5.19 1 0.37804 -16.2648
5.2 1 0.347427 -17.0053
5.21 1 0.317183 -17.7276
5.22 1 0.28733 -18.4314
5.23 1 0.25789 -19.1165
5.24 1 0.228886 -19.7827
5.25 1 0.20034 -20.4297
5.26 1 0.172274 -21.0574
5.27 1 0.144711 -21.6655
5.28 1 0.117674 -22.2539
5.29 1 0.0911835 -22.8223
5.3 1 0.065263 -23.3705
5.31 1 0.0399348 -23.8983
5.32 1 0.0152211 -24.4055
5.33 1 -0.00885566 -24.8919
5.34 1 -0.0322732 -25.3573
5.35 1 -0.0550092 -25.8014
5.36 1 -0.0770412 -26.2241
5.37 1 -0.0983468 -26.6251
5.38 1 -0.118904 -27.0042
5.39 1 -0.13869 -27.3612
5.4 1 -0.157683 -27.696
5.41 1 -0.17586 -28.0082
5.42 1 -0.193198 -28.2978
5.43 1 -0.209677 -28.5644
5.44 1 -0.225273 -28.8078
5.45 1 -0.239963 -29.0279
5.46 1 -0.253726 -29.2245
5.47 1 -0.266539 -29.3973
5.48 1 -0.27838 -29.546
5.49 1 -0.289227 -29.6706
5.5 1 -0.299057 -29.7708
5.51 1 -0.307847 -29.8464
5.52 1 -0.315576 -29.8972
5.53 1 -0.322221 -29.9229
5.54 1 -0.327759 -29.9233
5.55 1 -0.332169 -29.8983
5.56 1 -0.335428 -29.8476
5.57 1 -0.337513 -29.7711
5.58 1 -0.338403 -29.6684
5.59 1 -0.338075 -29.5395
5.6 1 -0.336506 -29.384
5.61 1 -0.333675 -29.2018
5.62 1 -0.329558 -28.9927
5.63 1 -0.324134 -28.7564
5.64 1 -0.31738 -28.4927
5.65 1 -0.309274 -28.2015
5.66 1 -0.299793 -27.8825
5.67 1 -0.288916 -27.5355
5.68 1 -0.276619 -27.1603
5.69 1 -0.26288 -26.7567
5.7 1 -0.247678 -26.3245
5.71 1 -0.230989 -25.8634
5.72 1 -0.212792 -25.3733
5.73 1 -0.193064 -24.8539
5.74 1 -0.171782 -24.3051
5.75 1 -0.148925 -23.7266
5.76 1 -0.124469 -23.1181
5.77 1 -0.0983935 -22.4796
5.78 1 -0.0706748 -21.8108
5.79 1 -0.041291 -21.1114
5.8 1 -0.0102198 -20.3813
5.81 1 0.0225613 -19.6203
5.82 1 0.0570746 -18.8281
5.83 1 0.0933425 -18.0045
5.84 1 0.131387 -17.1494
5.85 1 0.171231 -16.2624
5.86 1 0.212897 -15.3435
5.87 1 0.256406 -14.3923
5.88 1 0.301782 -13.4088
5.89 1 0.349046 -12.3926
5.9 1 0.398222 -11.3435
5.91 1 0.449331 -10.2614
5.92 1 0.502395 -9.14601
5.93 1 0.557438 -7.99715
5.94 1 0.614481 -6.8146
5.95 1 0.673547 -5.59815
5.96 1 0.734658 -4.34758
5.97 1 0.797836 -3.0627
5.98 1 0.863105 -1.74328
5.99 1 0.930485 -0.389119
6 1 1 1
6.01 1 1.07165 2.04793
6.02 1 1.14535 3.08159
6.03 1 1.22099 4.10075
6.04 1 1.29847 5.10522
6.05 1 1.37768 6.09477
6.06 1 1.45851 7.0692
6.07 1 1.54085 8.0283
6.08 1 1.6246 8.97186
6.09 1 1.70965 9.89966
6.1 1 1.7959 10.8115
6.11 1 1.88323 11.7072
6.12 1 1.97154 12.5864
6.13 1 2.06072 13.4491
6.14 1 2.15067 14.295
6.15 1 2.24127 15.1238
6.16 1 2.33243 15.9354
6.17 1 2.42403 16.7296
6.18 1 2.51597 17.5061
6.19 1 2.60814 18.2648
6.2 1 2.70043 19.0053
6.21 1 2.79273 19.7276
6.22 1 2.88494 20.4314
6.23 1 2.97696 21.1165
6.24 1 3.06867 21.7827
6.25 1 3.15997 22.4297
6.26 1 3.25075 23.0574
6.27 1 3.3409 23.6655
6.28 1 3.43031 24.2539
6.29 1 3.51889 24.8223
6.3 1 3.60652 25.3705
6.31 1 3.69309 25.8983
6.32 1 3.77851 26.4055
6.33 1 3.86265 26.8919
6.34 1 3.94542 27.3573
6.35 1 4.0267 27.8014
6.36 1 4.10639 28.2241
6.37 1 4.18439 28.6251
6.38 1 4.26058 29.0042
6.39 1 4.33486 29.3612
6.4 1 4.40712 29.696
6.41 1 4.47726 30.0082
6.42 1 4.54516 30.2978
6.43 1 4.61073 30.5644
6.44 1 4.67384 30.8078
6.45 1 4.73441 31.0279
6.46 1 4.79231 31.2245
6.47 1 4.84745 31.3973
6.48 1 4.89971 31.546
6.49 1 4.94898 31.6706
6.5 1 4.99517 31.7708
6.51 1 5.03816 31.8464
6.52 1 5.07785 31.8972
6.53 1 5.11413 31.9229
6.54 1 5.1469 31.9233
6.55 1 5.17603 31.8983
6.56 1 5.20144 31.8476
6.57 1 5.22301 31.7711
6.58 1 5.24063 31.6684
6.59 1 5.2542 31.5395
6.6 1 5.26361 31.384
6.61 1 5.26875 31.2018
6.62 1 5.26952 30.9927
6.63 1 5.26581 30.7564
6.64 1 5.25751 30.4927
6.65 1 5.24451 30.2015
6.66 1 5.22672 29.8825
6.67 1 5.20401 29.5355
6.68 1 5.17629 29.1603
6.69 1 5.14344 28.7567
6.7 1 5.10537 28.3245
6.71 1 5.06196 27.8634
6.72 1 5.0131 27.3733
6.73 1 4.95869 26.8539
6.74 1 4.89862 26.3051
6.75 1 4.83279 25.7266
6.76 1 4.76108 25.1181
6.77 1 4.6834 24.4796
6.78 1 4.59963 23.8108
6.79 1 4.50966 23.1114
6.8 1 4.41339 22.3813
6.81 1 4.31072 21.6203
6.82 1 4.20153 20.8281
6.83 1 4.08572 20.0045
6.84 1 3.96318 19.1494
6.85 1 3.8338 18.2624
6.86 1 3.69748 17.3435
6.87 1 3.55411 16.3923
6.88 1 3.40358 15.4088
6.89 1 3.24579 14.3926
6.9 1 3.08063 13.3435
6.91 1 2.90798 12.2614
6.92 1 2.72775 11.146
6.93 1 2.53983 9.99715
6.94 1 2.34411 8.8146
6.95 1 2.14049 7.59815
6.96 1 1.92884 6.34758
6.97 1 1.70908 5.0627
6.98 1 1.48109 3.74328
6.99 1 1.24477 2.38912
7 1 1 1
7.01 0.990762 0.746738 -0.0500085
7.02 0.963296 0.485147 -1.08993
7.03 0.917974 0.215446 -2.11963
7.04 0.855168 -0.062144 -3.13894
7.05 0.77525 -0.347404 -4.14773
7.06 0.678592 -0.640113 -5.14584
7.07 0.565566 -0.940053 -6.13312
7.08 0.436544 -1.247 -7.10942
7.09 0.291898 -1.56074 -8.0746
7.1 0.132 -1.88105 -9.0285
7.11 -0.042778 -2.20771 -9.97098
7.12 -0.232064 -2.5405 -10.9019
7.13 -0.435486 -2.8792 -11.8211
7.14 -0.652672 -3.22359 -12.7284
7.15 -0.88325 -3.57345 -13.6237
7.16 -1.12685 -3.92857 -14.5068
7.17 -1.38309 -4.28871 -15.3776
7.18 -1.65162 -4.65367 -16.236
7.19 -1.93204 -5.02321 -17.0817
7.2 -2.224 -5.39713 -17.9147
7.21 -2.52712 -5.7752 -18.7347
7.22 -2.84102 -6.1572 -19.5417
7.23 -3.16535 -6.54291 -20.3355
7.24 -3.49971 -6.93211 -21.1159
7.25 -3.84375 -7.32459 -21.8828
7.26 -4.19709 -7.72011 -22.6361
7.27 -4.55935 -8.11847 -23.3755
7.28 -4.93018 -8.51944 -24.101
7.29 -5.30918 -8.92281 -24.8124
7.3 -5.696 -9.32834 -25.5095
7.31 -6.09026 -9.73583 -26.1922
7.32 -6.49158 -10.1451 -26.8604
7.33 -6.89961 -10.5558 -27.5139
7.34 -7.31395 -10.9678 -28.1525
7.35 -7.73425 -11.3809 -28.7761
7.36 -8.16013 -11.7949 -29.3846
7.37 -8.59121 -12.2095 -29.9778
7.38 -9.02714 -12.6245 -30.5555
7.39 -9.46752 -13.0396 -31.1176
7.4 -9.912 -13.4548 -31.664
7.41 -10.3602 -13.8697 -32.1945
7.42 -10.8117 -14.2842 -32.7089
7.43 -11.2663 -14.6979 -33.2072
7.44 -11.7234 -15.1108 -33.6891
7.45 -12.1827 -15.5225 -34.1546
7.46 -12.644 -15.9329 -34.6034
7.47 -13.1067 -16.3418 -35.0354
7.48 -13.5705 -16.7488 -35.4504
7.49 -14.0351 -17.1538 -35.8484
7.5 -14.5 -17.5566 -36.2292
7.51 -14.9649 -17.957 -36.5925
7.52 -15.4295 -18.3547 -36.9384
7.53 -15.8933 -18.7495 -37.2665
7.54 -16.356 -19.1412 -37.5768
7.55 -16.8172 -19.5296 -37.8692
7.56 -17.2766 -19.9144 -38.1434
7.57 -17.7337 -20.2955 -38.3993
7.58 -18.1883 -20.6726 -38.6369
7.59 -18.6398 -21.0455 -38.8558
7.6 -19.088 -21.4139 -39.056
7.61 -19.5325 -21.7777 -39.2373
7.62 -19.9729 -22.1367 -39.3997
7.63 -20.4088 -22.4906 -39.5428
7.64 -20.8399 -22.8391 -39.6666
7.65 -21.2657 -23.1822 -39.771
7.66 -21.686 -23.5195 -39.8557
7.67 -22.1004 -23.8508 -39.9207
7.68 -22.5084 -24.1759 -39.9657
7.69 -22.9097 -24.4947 -39.9907
7.7 -23.304 -24.8068 -39.9955
7.71 -23.6908 -25.1121 -39.9799
7.72 -24.0698 -25.4103 -39.9438
7.73 -24.4406 -25.7012 -39.887
7.74 -24.8029 -25.9847 -39.8095
7.75 -25.1562 -26.2604 -39.7109
7.76 -25.5003 -26.5281 -39.5913
7.77 -25.8347 -26.7877 -39.4504
7.78 -26.159 -27.0389 -39.2881
7.79 -26.4729 -27.2816 -39.1042
7.8 -26.776 -27.5154 -38.8987
7.81 -27.068 -27.7401 -38.6712
7.82 -27.3484 -27.9556 -38.4218
7.83 -27.6169 -28.1616 -38.1503
7.84 -27.8732 -28.3579 -37.8564
7.85 -28.1167 -28.5443 -37.5401
7.86 -28.3473 -28.7206 -37.2011
7.87 -28.5645 -28.8864 -36.8395
7.88 -28.7679 -29.0417 -36.4549
7.89 -28.9572 -29.1862 -36.0473
7.9 -29.132 -29.3197 -35.6165
7.91 -29.2919 -29.442 -35.1624
7.92 -29.4365 -29.5527 -34.6847
7.93 -29.5656 -29.6518 -34.1834
7.94 -29.6786 -29.739 -33.6584
7.95 -29.7752 -29.8141 -33.1094
7.96 -29.8552 -29.8769 -32.5363
7.97 -29.918 -29.927 -31.9389
7.98 -29.9633 -29.9644 -31.3172
7.99 -29.9908 -29.9888 -30.6709
8 -30 -30 -30
8.01 -29.9923 -29.9978 -29.5658
8.02 -29.9694 -29.9824 -29.1334
8.03 -29.9315 -29.954 -28.7026
8.04 -29.879 -29.9127 -28.2736
8.05 -29.8121 -29.8589 -27.8464
8.06 -29.731 -29.7928 -27.4209
8.07 -29.6362 -29.7144 -26.9973
8.08 -29.5278 -29.6242 -26.5755
8.09 -29.4061 -29.5222 -26.1555
8.1 -29.2715 -29.4087 -25.7375
8.11 -29.1241 -29.2839 -25.3214
8.12 -28.9644 -29.148 -24.9072
8.13 -28.7924 -29.0013 -24.495
8.14 -28.6086 -28.8439 -24.0848
8.15 -28.4132 -28.6761 -23.6766
8.16 -28.2065 -28.498 -23.2704
8.17 -27.9887 -28.31 -22.8663
8.18 -27.7602 -28.1121 -22.4643
8.19 -27.5212 -27.9047 -22.0644
8.2 -27.272 -27.6879 -21.6667
8.21 -27.0129 -27.462 -21.2711
8.22 -26.7441 -27.2271 -20.8777
8.23 -26.466 -26.9835 -20.4865
8.24 -26.1788 -26.7314 -20.0976
8.25 -25.8828 -26.471 -19.7109
8.26 -25.5783 -26.2025 -19.3266
8.27 -25.2655 -25.9262 -18.9445
8.28 -24.9448 -25.6422 -18.5648
8.29 -24.6163 -25.3508 -18.1875
8.3 -24.2805 -25.0521 -17.8125
8.31 -23.9375 -24.7465 -17.44
8.32 -23.5877 -24.4341 -17.0699
8.33 -23.2313 -24.1151 -16.7022
8.34 -22.8686 -23.7897 -16.3371
8.35 -22.4999 -23.4582 -15.9745
8.36 -22.1255 -23.1207 -15.6144
8.37 -21.7456 -22.7776 -15.2569
8.38 -21.3605 -22.4289 -14.902
8.39 -20.9706 -22.0749 -14.5497
8.4 -20.576 -21.7159 -14.2
8.41 -20.1771 -21.352 -13.853
8.42 -19.7741 -20.9835 -13.5087
8.43 -19.3673 -20.6105 -13.1671
8.44 -18.9571 -20.2333 -12.8283
8.45 -18.5436 -19.8521 -12.4922
8.46 -18.1271 -19.4671 -12.1589
8.47 -17.708 -19.0786 -11.8284
8.48 -17.2865 -18.6867 -11.5008
8.49 -16.8629 -18.2916 -11.176
8.5 -16.4375 -17.8936 -10.8542
8.51 -16.0105 -17.493 -10.5352
8.52 -15.5823 -17.0898 -10.2192
8.53 -15.153 -16.6843 -9.90615
8.54 -14.7231 -16.2767 -9.5961
8.55 -14.2927 -15.8673 -9.28906
8.56 -13.8621 -15.4563 -8.98507
8.57 -13.4317 -15.0438 -8.68414
8.58 -13.0017 -14.6301 -8.3863
8.59 -12.5724 -14.2154 -8.09158
8.6 -12.144 -13.7999 -7.8
8.61 -11.7169 -13.3839 -7.51159
8.62 -11.2913 -12.9675 -7.22637
8.63 -10.8674 -12.5509 -6.94436
8.64 -10.4457 -12.1344 -6.6656
8.65 -10.0263 -11.7183 -6.3901
8.66 -9.60956 -11.3026 -6.1179
8.67 -9.19573 -10.8876 -5.84901
8.68 -8.78509 -10.4736 -5.58347
8.69 -8.37792 -10.0607 -5.32129
8.7 -7.9745 -9.64918 -5.0625
8.71 -7.57511 -9.23923 -4.80713
8.72 -7.18003 -8.83107 -4.5552
8.73 -6.78954 -8.42492 -4.30674
8.74 -6.40392 -8.02098 -4.06177
8.75 -6.02344 -7.61947 -3.82031
8.76 -5.64838 -7.22062 -3.5824
8.77 -5.27903 -6.82462 -3.34805
8.78 -4.91567 -6.4317 -3.1173
8.79 -4.55856 -6.04208 -2.89016
8.8 -4.208 -5.65596 -2.66667
8.81 -3.86426 -5.27355 -2.44684
8.82 -3.52761 -4.89509 -2.2307
8.83 -3.19835 -4.52077 -2.01828
8.84 -2.87674 -4.15081 -1.8096
8.85 -2.56306 -3.78544 -1.60469
8.86 -2.2576 -3.42485 -1.40357
8.87 -1.96064 -3.06927 -1.20626
8.88 -1.67245 -2.71892 -1.0128
8.89 -1.39331 -2.374 -0.823204
8.9 -1.1235 -2.03473 -0.6375
8.91 -0.863302 -1.70132 -0.455713
8.92 -0.612992 -1.374 -0.277867
8.93 -0.372851 -1.05297 -0.103988
8.94 -0.143156 -0.738446 0.0659
8.95 0.0758125 -0.430646 0.231771
8.96 0.283776 -0.129784 0.3936
8.97 0.480455 0.163926 0.551362
8.98 0.665572 0.45027 0.705033
8.99 0.838846 0.729033 0.854587
9 1 1 1
9.01 1.15192 1.26301 1.18376
9.02 1.29772 1.51808 1.36502
9.03 1.43752 1.76531 1.54373
9.04 1.57139 2.00477 1.71987
9.05 1.69944 2.23654 1.8934
9.06 1.82175 2.46069 2.06427
9.07 1.93842 2.67732 2.23245
9.08 2.04954 2.8865 2.39791
9.09 2.1552 3.08831 2.5606
9.1 2.2555 3.28283 2.7205
9.11 2.35053 3.47015 2.87756
9.12 2.44038 3.65033 3.03174
9.13 2.52515 3.82347 3.18302
9.14 2.60493 3.98963 3.33135
9.15 2.67981 4.14891 3.47669
9.16 2.74989 4.30138 3.61901
9.17 2.81525 4.44712 3.75827
9.18 2.876 4.58621 3.89444
9.19 2.93221 4.71874 4.02747
9.2 2.984 4.84477 4.15733
9.21 3.03145 4.9644 4.28399
9.22 3.07464 5.0777 4.4074
9.23 3.11369 5.18476 4.52754
9.24 3.14867 5.28564 4.64435
9.25 3.17969 5.38044 4.75781
9.26 3.20683 5.46923 4.86788
9.27 3.23019 5.55209 4.97452
9.28 3.24986 5.62911 5.0777
9.29 3.26593 5.70036 5.17737
9.3 3.2785 5.76592 5.2735
9.31 3.28766 5.82587 5.36606
9.32 3.2935 5.8803 5.455
9.33 3.29612 5.92928 5.54029
9.34 3.29561 5.97289 5.62189
9.35 3.29206 6.01122 5.69977
9.36 3.28557 6.04434 5.77389
9.37 3.27622 6.07234 5.84421
9.38 3.26412 6.09529 5.91069
9.39 3.24934 6.11327 5.9733
9.4 3.232 6.12636 6.032
9.41 3.21218 6.13465 6.08675
9.42 3.18996 6.13822 6.13752
9.43 3.16546 6.13714 6.18427
9.44 3.13875 6.13149 6.22697
9.45 3.10994 6.12136 6.26556
9.46 3.07911 6.10682 6.30003
9.47 3.04636 6.08796 6.33032
9.48 3.01178 6.06485 6.35642
9.49 2.97546 6.03757 6.37826
9.5 2.9375 6.00622 6.39583
9.51 2.89799 5.97085 6.40909
9.52 2.85702 5.93156 6.41798
9.53 2.81469 5.88843 6.42249
9.54 2.77109 5.84153 6.42257
9.55 2.72631 5.79095 6.41819
9.56 2.68045 5.73676 6.4093
9.57 2.63359 5.67905 6.39588
9.58 2.58584 5.61789 6.37788
9.59 2.53727 5.55337 6.35526
9.6 2.488 5.48557 6.328
9.61 2.43811 5.41456 6.29605
9.62 2.38768 5.34043 6.25938
9.63 2.33683 5.26325 6.21794
9.64 2.28563 5.18311 6.17171
9.65 2.23419 5.10009 6.12065
9.66 2.18259 5.01426 6.06471
9.67 2.13093 4.92571 6.00386
9.68 2.0793 4.83452 5.93807
9.69 2.02779 4.74076 5.86729
9.7 1.9765 4.64452 5.7915
9.71 1.92552 4.54588 5.71065
9.72 1.87494 4.44492 5.6247
9.73 1.82486 4.34171 5.53363
9.74 1.77537 4.23634 5.43739
9.75 1.72656 4.12888 5.33594
9.76 1.67853 4.01943 5.22925
9.77 1.63136 3.90805 5.11728
9.78 1.58516 3.79483 5
9.79 1.54 3.67985 4.87736
9.8 1.496 3.56318 4.74933
9.81 1.45324 3.44492 4.61588
9.82 1.4118 3.32513 4.47696
9.83 1.3718 3.2039 4.33255
9.84 1.33331 3.0813 4.18259
9.85 1.29644 2.95743 4.02706
9.86 1.26127 2.83235 3.86592
9.87 1.2279 2.70616 3.69913
9.88 1.19642 2.57892 3.52666
9.89 1.16692 2.45072 3.34846
9.9 1.1395 2.32164 3.1645
9.91 1.11425 2.19176 2.97475
9.92 1.09126 2.06116 2.77916
9.93 1.07063 1.92991 2.5777
9.94 1.05245 1.79811 2.37033
9.95 1.03681 1.66583 2.15702
9.96 1.02381 1.53314 1.93773
9.97 1.01353 1.40014 1.71242
9.98 1.00608 1.26689 1.48105
9.99 1.00153 1.13349 1.24359
10 1 1 1
