0 0.499821 0.479426 0 0 0.11738 1
0.01 0.499815 0.480582 0.00504059 -0.00122374 0.113859 1
0.02 0.499797 0.481703 0.00970034 -0.00244747 0.110337 1
0.03 0.499766 0.482788 0.0139907 -0.00367121 0.106816 1
0.04 0.499723 0.483839 0.0179233 -0.00489495 0.103294 1
0.05 0.499668 0.484854 0.0215096 -0.00611868 0.0997731 1
0.06 0.499601 0.485834 0.024761 -0.00734242 0.0962517 1
0.07 0.499521 0.486779 0.0276891 -0.00856616 0.0927303 1
0.08 0.49943 0.487689 0.0303054 -0.00978989 0.0892089 1
0.09 0.499326 0.488564 0.0326214 -0.0110136 0.0856875 1
0.1 0.499209 0.489403 0.0346486 -0.0122374 0.0821661 1
0.11 0.499081 0.490207 0.0363985 -0.0134611 0.0786447 1
0.12 0.49894 0.490976 0.0378826 -0.0146848 0.0751233 1
0.13 0.498787 0.491709 0.0391125 -0.0159086 0.0716019 1
0.14 0.498622 0.492408 0.0400996 -0.0171323 0.0680805 1
0.15 0.498444 0.493071 0.0408554 -0.018356 0.0645591 1
0.16 0.498255 0.493699 0.0413914 -0.0195798 0.0610376 1
0.17 0.498053 0.494292 0.0417192 -0.0208035 0.0575162 1
0.18 0.497839 0.494849 0.0418503 -0.0220273 0.0539948 1
0.19 0.497612 0.495372 0.0417961 -0.023251 0.0504734 1
0.2 0.497374 0.495859 0.0415682 -0.0244747 0.046952 1
0.21 0.497123 0.496311 0.041178 -0.0256985 0.0434306 1
0.22 0.49686 0.496727 0.0406372 -0.0269222 0.0399092 1
0.23 0.496584 0.497109 0.0399571 -0.0281459 0.0363878 1
0.24 0.496297 0.497455 0.0391493 -0.0293697 0.0328664 1
0.25 0.495997 0.497766 0.0382253 -0.0305934 0.029345 1
0.26 0.495685 0.498042 0.0371966 -0.0318172 0.0258236 1
0.27 0.495361 0.498283 0.0360747 -0.0330409 0.0223022 1
0.28 0.495024 0.498488 0.0348711 -0.0342646 0.0187808 1
0.29 0.494675 0.498658 0.0335974 -0.0354884 0.0152594 1
0.3 0.494314 0.498793 0.0322649 -0.0367121 0.011738 1
0.31 0.493941 0.498893 0.0308854 -0.0379358 0.00821661 1
0.32 0.493556 0.498958 0.0294701 -0.0391596 0.0046952 1
0.33 0.493158 0.498987 0.0280307 -0.0403833 0.0011738 1
0.34 0.492748 0.498981 0.0265787 -0.041607 -0.0023476 1
0.35 0.492326 0.49894 0.0251255 -0.0428308 -0.005869 1
0.36 0.491891 0.498864 0.0236826 -0.0440545 -0.00939041 1
0.37 0.491445 0.498752 0.0222617 -0.0452783 -0.0129118 1
0.38 0.490986 0.498605 0.0208741 -0.046502 -0.0164332 1
0.39 0.490515 0.498424 0.0195314 -0.0477257 -0.0199546 1
0.4 0.490031 0.498206 0.0182451 -0.0489495 -0.023476 1
0.41 0.489536 0.497954 0.0170267 -0.0501732 -0.0269974 1
0.42 0.489028 0.497666 0.0158877 -0.0513969 -0.0305188 1
0.43 0.488508 0.497344 0.0148396 -0.0526207 -0.0340402 1
0.44 0.487975 0.496986 0.0138939 -0.0538444 -0.0375616 1
0.45 0.487431 0.496592 0.0130622 -0.0550681 -0.041083 1
0.46 0.486874 0.496164 0.0123558 -0.0562919 -0.0446044 1
0.47 0.486305 0.4957 0.0117864 -0.0575156 -0.0481258 1
0.48 0.485724 0.495201 0.0113655 -0.0587394 -0.0516472 1
0.49 0.48513 0.494667 0.0111045 -0.0599631 -0.0551686 1
0.5 0.484524 0.494098 0.0110149 -0.0611868 -0.05869 1
0.51 0.483906 0.493494 0.0111083 -0.0624106 -0.0622114 1
0.52 0.483276 0.492854 0.0113962 -0.0636343 -0.0657329 1
0.53 0.482634 0.492179 0.01189 -0.064858 -0.0692543 1
0.54 0.481979 0.491469 0.0126013 -0.0660818 -0.0727757 1
0.55 0.481312 0.490723 0.0135416 -0.0673055 -0.0762971 1
0.56 0.480633 0.489943 0.0147224 -0.0685292 -0.0798185 1
0.57 0.479942 0.489127 0.0161552 -0.069753 -0.0833399 1
0.58 0.479238 0.488276 0.0178514 -0.0709767 -0.0868613 1
0.59 0.478522 0.48739 0.0198227 -0.0722005 -0.0903827 1
0.6 0.477794 0.486468 0.0220805 -0.0734242 -0.0939041 1
0.61 0.477054 0.485512 0.0246363 -0.0746479 -0.0974255 1
0.62 0.476301 0.48452 0.0275017 -0.0758717 -0.100947 1
0.63 0.475536 0.483493 0.0306881 -0.0770954 -0.104468 1
0.64 0.474759 0.48243 0.034207 -0.0783191 -0.10799 1
0.65 0.47397 0.481333 0.03807 -0.0795429 -0.111511 1
0.66 0.473168 0.4802 0.0422885 -0.0807666 -0.115032 1
0.67 0.472354 0.479032 0.046874 -0.0819903 -0.118554 1
0.68 0.471528 0.477829 0.0518382 -0.0832141 -0.122075 1
0.69 0.47069 0.476591 0.0571924 -0.0844378 -0.125597 1
0.7 0.46984 0.475317 0.0629482 -0.0856616 -0.129118 1
0.71 0.468977 0.474008 0.069117 -0.0868853 -0.13264 1
0.72 0.468102 0.472664 0.0757105 -0.088109 -0.136161 1
0.73 0.467215 0.471285 0.0827401 -0.0893328 -0.139682 1
0.74 0.466315 0.469871 0.0902172 -0.0905565 -0.143204 1
0.75 0.465404 0.468421 0.0981535 -0.0917802 -0.146725 1
0.76 0.46448 0.466936 0.10656 -0.093004 -0.150247 1
0.77 0.463543 0.465416 0.115449 -0.0942277 -0.153768 1
0.78 0.462595 0.463861 0.124832 -0.0954515 -0.157289 1
0.79 0.461634 0.46227 0.13472 -0.0966752 -0.160811 1
0.8 0.460662 0.460645 0.145124 -0.0978989 -0.164332 1
0.81 0.459676 0.458984 0.156057 -0.0991227 -0.167854 1
0.82 0.458679 0.457288 0.167529 -0.100346 -0.171375 1
0.83 0.45767 0.455556 0.179552 -0.10157 -0.174896 1
0.84 0.456648 0.45379 0.192138 -0.102794 -0.178418 1
0.85 0.455614 0.451988 0.205298 -0.104018 -0.181939 1
0.86 0.454567 0.450151 0.219044 -0.105241 -0.185461 1
0.87 0.453509 0.448279 0.233387 -0.106465 -0.188982 1
0.88 0.452438 0.446371 0.248339 -0.107689 -0.192503 1
0.89 0.451355 0.444429 0.263911 -0.108913 -0.196025 1
0.9 0.45026 0.442451 0.280114 -0.110136 -0.199546 1
0.91 0.449152 0.440438 0.296961 -0.11136 -0.203068 1
0.92 0.448033 0.438389 0.314463 -0.112584 -0.206589 1
0.93 0.446901 0.436306 0.332631 -0.113807 -0.21011 1
0.94 0.445756 0.434187 0.351476 -0.115031 -0.213632 1
0.95 0.4446 0.432033 0.371011 -0.116255 -0.217153 1
0.96 0.443431 0.429844 0.391246 -0.117479 -0.220675 1
0.97 0.44225 0.42762 0.412194 -0.118702 -0.224196 1
0.98 0.441057 0.42536 0.433865 -0.119926 -0.227717 1
0.99 0.439852 0.423065 0.456272 -0.12115 -0.231239 1
1 0.438634 0.420735 0.479426 -0.122374 -0.101006 1
1.01 0.437406 0.419723 0.483628 -0.123298 -0.101497 1
1.02 0.436168 0.418706 0.487536 -0.124222 -0.101989 1
1.03 0.434922 0.417683 0.491156 -0.125146 -0.10248 1
1.04 0.433665 0.416656 0.494498 -0.12607 -0.102971 1
1.05 0.4324 0.415624 0.497571 -0.126994 -0.103462 1
1.06 0.431126 0.414587 0.500383 -0.127918 -0.103954 1
1.07 0.429842 0.413545 0.502943 -0.128843 -0.104445 1
1.08 0.428549 0.412498 0.505259 -0.129767 -0.104936 1
1.09 0.427246 0.411446 0.50734 -0.130691 -0.105427 1
1.1 0.425935 0.410389 0.509195 -0.131615 -0.105918 1
1.11 0.424614 0.409328 0.510833 -0.132539 -0.10641 1
1.12 0.423284 0.408261 0.512262 -0.133463 -0.106901 1
1.13 0.421945 0.40719 0.513491 -0.134387 -0.107392 1
1.14 0.420596 0.406113 0.514529 -0.135311 -0.107883 1
1.15 0.419239 0.405032 0.515384 -0.136235 -0.108374 1
1.16 0.417872 0.403946 0.516065 -0.13716 -0.108866 1
1.17 0.416495 0.402855 0.516581 -0.138084 -0.109357 1
1.18 0.41511 0.401759 0.516941 -0.139008 -0.109848 1
1.19 0.413715 0.400658 0.517152 -0.139932 -0.110339 1
1.2 0.412311 0.399552 0.517224 -0.140856 -0.110831 1
1.21 0.410898 0.398441 0.517166 -0.14178 -0.111322 1
1.22 0.409476 0.397325 0.516986 -0.142704 -0.111813 1
1.23 0.408044 0.396205 0.516692 -0.143628 -0.112304 1
1.24 0.406603 0.395079 0.516294 -0.144553 -0.112795 1
1.25 0.405153 0.393949 0.515801 -0.145477 -0.113287 1
1.26 0.403694 0.392814 0.51522 -0.146401 -0.113778 1
1.27 0.402225 0.391673 0.514561 -0.147325 -0.114269 1
1.28 0.400747 0.390528 0.513833 -0.148249 -0.11476 1
1.29 0.39926 0.389378 0.513043 -0.149173 -0.115251 1
1.3 0.397764 0.388223 0.512201 -0.150097 -0.115743 1
1.31 0.396258 0.387063 0.511315 -0.151021 -0.116234 1
1.32 0.394743 0.385898 0.510395 -0.151946 -0.116725 1
1.33 0.393219 0.384729 0.509448 -0.15287 -0.117216 1
1.34 0.391686 0.383554 0.508484 -0.153794 -0.117708 1
1.35 0.390143 0.382375 0.50751 -0.154718 -0.118199 1
1.36 0.388591 0.38119 0.506537 -0.155642 -0.11869 1
1.37 0.38703 0.380001 0.505572 -0.156566 -0.119181 1
1.38 0.38546 0.378807 0.504624 -0.15749 -0.119672 1
1.39 0.383881 0.377607 0.503702 -0.158414 -0.120164 1
1.4 0.382292 0.376403 0.502815 -0.159339 -0.120655 1
1.41 0.380694 0.375194 0.501971 -0.160263 -0.121146 1
1.42 0.379087 0.37398 0.501179 -0.161187 -0.121637 1
1.43 0.37747 0.372762 0.500448 -0.162111 -0.122128 1
1.44 0.375844 0.371538 0.499786 -0.163035 -0.12262 1
1.45 0.374209 0.370309 0.499202 -0.163959 -0.123111 1
1.46 0.372565 0.369076 0.498704 -0.164883 -0.123602 1
1.47 0.370912 0.367837 0.498302 -0.165807 -0.124093 1
1.48 0.369249 0.366594 0.498004 -0.166732 -0.124585 1
1.49 0.367577 0.365345 0.497819 -0.167656 -0.125076 1
1.5 0.365896 0.364092 0.497756 -0.16858 -0.125567 1
1.51 0.364206 0.362834 0.497822 -0.169504 -0.126058 1
1.52 0.362506 0.361571 0.498028 -0.170428 -0.126549 1
1.53 0.360797 0.360303 0.49838 -0.171352 -0.127041 1
1.54 0.359079 0.35903 0.49889 -0.172276 -0.127532 1
1.55 0.357351 0.357752 0.499564 -0.1732 -0.128023 1
1.56 0.355615 0.35647 0.500411 -0.174125 -0.128514 1
1.57 0.353869 0.355182 0.501441 -0.175049 -0.129005 1
1.58 0.352114 0.35389 0.502662 -0.175973 -0.129497 1
1.59 0.35035 0.352592 0.504083 -0.176897 -0.129988 1
1.6 0.348576 0.35129 0.505712 -0.177821 -0.130479 1
1.61 0.346793 0.349983 0.507558 -0.178745 -0.13097 1
1.62 0.345001 0.34867 0.509629 -0.179669 -0.131462 1
1.63 0.3432 0.347353 0.511935 -0.180593 -0.131953 1
1.64 0.341389 0.346031 0.514485 -0.181518 -0.132444 1
1.65 0.339569 0.344705 0.517286 -0.182442 -0.132935 1
1.66 0.33774 0.343373 0.520347 -0.183366 -0.133426 1
1.67 0.335902 0.342036 0.523678 -0.18429 -0.133918 1
1.68 0.334055 0.340694 0.527286 -0.185214 -0.134409 1
1.69 0.332198 0.339348 0.531182 -0.186138 -0.1349 1
1.7 0.330332 0.337996 0.535372 -0.187062 -0.135391 1
1.71 0.328457 0.33664 0.539866 -0.187986 -0.135882 1
1.72 0.326572 0.335279 0.544673 -0.18891 -0.136374 1
1.73 0.324678 0.333913 0.549801 -0.189835 -0.136865 1
1.74 0.322775 0.332541 0.55526 -0.190759 -0.137356 1
1.75 0.320863 0.331165 0.561057 -0.191683 -0.137847 1
1.76 0.318942 0.329784 0.567201 -0.192607 -0.138339 1
1.77 0.317011 0.328399 0.573701 -0.193531 -0.13883 1
1.78 0.315071 0.327008 0.580567 -0.194455 -0.139321 1
1.79 0.313122 0.325612 0.587805 -0.195379 -0.139812 1
1.8 0.311163 0.324212 0.595426 -0.196303 -0.140303 1
1.81 0.309196 0.322806 0.603437 -0.197228 -0.140795 1
1.82 0.307219 0.321396 0.611849 -0.198152 -0.141286 1
1.83 0.305233 0.31998 0.620668 -0.199076 -0.141777 1
1.84 0.303237 0.31856 0.629904 -0.2 -0.142268 1
1.85 0.301233 0.317135 0.639566 -0.200924 -0.142759 1
1.86 0.299219 0.315705 0.649662 -0.201848 -0.143251 1
1.87 0.297196 0.31427 0.660201 -0.202772 -0.143742 1
1.88 0.295163 0.31283 0.671192 -0.203696 -0.144233 1
1.89 0.293122 0.311385 0.682643 -0.204621 -0.144724 1
1.9 0.291071 0.309936 0.694563 -0.205545 -0.145216 1
1.91 0.289011 0.308481 0.70696 -0.206469 -0.145707 1
1.92 0.286942 0.307022 0.719844 -0.207393 -0.146198 1
1.93 0.284863 0.305557 0.733224 -0.208317 -0.146689 1
1.94 0.282775 0.304088 0.747107 -0.209241 -0.14718 1
1.95 0.280678 0.302613 0.761502 -0.210165 -0.147672 1
1.96 0.278572 0.301134 0.776419 -0.211089 -0.148163 1
1.97 0.276457 0.29965 0.791865 -0.212014 -0.148654 1
1.98 0.274332 0.298161 0.80785 -0.212938 -0.149145 1
1.99 0.272198 0.296667 0.824383 -0.213862 -0.149636 1
2 0.270055 0.295168 0.841471 -0.214786 -0.321818 1
2.01 0.267905 0.291957 0.844283 -0.215184 -0.320512 1
2.02 0.265751 0.288758 0.846948 -0.215582 -0.319206 1
2.03 0.263593 0.285573 0.849468 -0.215981 -0.3179 1
2.04 0.261431 0.2824 0.851849 -0.216379 -0.316594 1
2.05 0.259265 0.279241 0.854093 -0.216777 -0.315288 1
2.06 0.257096 0.276094 0.856205 -0.217175 -0.313983 1
2.07 0.254922 0.272961 0.858187 -0.217574 -0.312677 1
2.08 0.252744 0.269841 0.860045 -0.217972 -0.311371 1
2.09 0.250562 0.266734 0.861781 -0.21837 -0.310065 1
2.1 0.248377 0.26364 0.8634 -0.218768 -0.308759 1
2.11 0.246187 0.260559 0.864904 -0.219167 -0.307453 1
2.12 0.243993 0.257491 0.866299 -0.219565 -0.306147 1
2.13 0.241796 0.254436 0.867586 -0.219963 -0.304842 1
2.14 0.239594 0.251394 0.868772 -0.220361 -0.303536 1
2.15 0.237389 0.248365 0.869858 -0.22076 -0.30223 1
2.16 0.235179 0.245349 0.870849 -0.221158 -0.300924 1
2.17 0.232965 0.242346 0.871749 -0.221556 -0.299618 1
2.18 0.230748 0.239357 0.872561 -0.221954 -0.298312 1
2.19 0.228526 0.23638 0.873289 -0.222353 -0.297006 1
2.2 0.226301 0.233417 0.873937 -0.222751 -0.295701 1
2.21 0.224071 0.230466 0.874508 -0.223149 -0.294395 1
2.22 0.221838 0.227529 0.875007 -0.223548 -0.293089 1
2.23 0.2196 0.224604 0.875437 -0.223946 -0.291783 1
2.24 0.217359 0.221693 0.875801 -0.224344 -0.290477 1
2.25 0.215113 0.218795 0.876104 -0.224742 -0.289171 1
2.26 0.212864 0.21591 0.876349 -0.225141 -0.287865 1
2.27 0.210611 0.213038 0.87654 -0.225539 -0.286559 1
2.28 0.208353 0.210179 0.876681 -0.225937 -0.285254 1
2.29 0.206092 0.207332 0.876776 -0.226335 -0.283948 1
2.3 0.203827 0.2045 0.876827 -0.226734 -0.282642 1
2.31 0.201557 0.20168 0.87684 -0.227132 -0.281336 1
2.32 0.199284 0.198873 0.876817 -0.22753 -0.28003 1
2.33 0.197007 0.196079 0.876763 -0.227928 -0.278724 1
2.34 0.194725 0.193298 0.876681 -0.228327 -0.277418 1
2.35 0.19244 0.190531 0.876575 -0.228725 -0.276113 1
2.36 0.190151 0.187776 0.876449 -0.229123 -0.274807 1
2.37 0.187858 0.185035 0.876306 -0.229521 -0.273501 1
2.38 0.18556 0.182306 0.87615 -0.22992 -0.272195 1
2.39 0.183259 0.179591 0.875986 -0.230318 -0.270889 1
2.4 0.180954 0.176888 0.875816 -0.230716 -0.269583 1
2.41 0.178645 0.174199 0.875644 -0.231114 -0.268277 1
2.42 0.176332 0.171523 0.875475 -0.231513 -0.266971 1
2.43 0.174015 0.16886 0.875311 -0.231911 -0.265666 1
2.44 0.171694 0.166209 0.875157 -0.232309 -0.26436 1
2.45 0.169369 0.163572 0.875017 -0.232707 -0.263054 1
2.46 0.167039 0.160948 0.874893 -0.233106 -0.261748 1
2.47 0.164706 0.158337 0.874791 -0.233504 -0.260442 1
2.48 0.162369 0.15574 0.874713 -0.233902 -0.259136 1
2.49 0.160028 0.153155 0.874664 -0.2343 -0.25783 1
2.5 0.157683 0.150583 0.874646 -0.234699 -0.256525 1
2.51 0.155334 0.148024 0.874665 -0.235097 -0.255219 1
2.52 0.152981 0.145479 0.874723 -0.235495 -0.253913 1
2.53 0.150625 0.142946 0.874824 -0.235893 -0.252607 1
2.54 0.148264 0.140426 0.874973 -0.236292 -0.251301 1
2.55 0.145899 0.13792 0.875173 -0.23669 -0.249995 1
2.56 0.14353 0.135426 0.875427 -0.237088 -0.248689 1
2.57 0.141157 0.132946 0.875739 -0.237486 -0.247384 1
2.58 0.13878 0.130479 0.876114 -0.237885 -0.246078 1
2.59 0.136399 0.128025 0.876554 -0.238283 -0.244772 1
2.6 0.134014 0.125583 0.877064 -0.238681 -0.243466 1
2.61 0.131626 0.123155 0.877647 -0.239079 -0.24216 1
2.62 0.129233 0.12074 0.878307 -0.239478 -0.240854 1
2.63 0.126836 0.118338 0.879048 -0.239876 -0.239548 1
2.64 0.124435 0.115949 0.879874 -0.240274 -0.238242 1
2.65 0.122031 0.113573 0.880788 -0.240672 -0.236937 1
2.66 0.119622 0.11121 0.881794 -0.241071 -0.235631 1
2.67 0.117209 0.108861 0.882896 -0.241469 -0.234325 1
2.68 0.114792 0.106524 0.884097 -0.241867 -0.233019 1
2.69 0.112372 0.1042 0.885401 -0.242265 -0.231713 1
2.7 0.109947 0.10189 0.886813 -0.242664 -0.230407 1
2.71 0.107519 0.0995922 0.888335 -0.243062 -0.229101 1
2.72 0.105086 0.0973077 0.889972 -0.24346 -0.227796 1
2.73 0.102649 0.0950363 0.891727 -0.243858 -0.22649 1
2.74 0.100209 0.0927779 0.893604 -0.244257 -0.225184 1
2.75 0.0977642 0.0905326 0.895607 -0.244655 -0.223878 1
2.76 0.0953157 0.0883003 0.897739 -0.245053 -0.222572 1
2.77 0.0928631 0.0860811 0.900005 -0.245451 -0.221266 1
2.78 0.0904066 0.083875 0.902407 -0.24585 -0.21996 1
2.79 0.0879461 0.0816819 0.90495 -0.246248 -0.218655 1
2.8 0.0854817 0.0795019 0.907638 -0.246646 -0.217349 1
2.81 0.0830132 0.077335 0.910474 -0.247044 -0.216043 1
2.82 0.0805408 0.0751811 0.913462 -0.247443 -0.214737 1
2.83 0.0780644 0.0730402 0.916605 -0.247841 -0.213431 1
2.84 0.075584 0.0709124 0.919908 -0.248239 -0.212125 1
2.85 0.0730996 0.0687977 0.923374 -0.248637 -0.210819 1
2.86 0.0706112 0.066696 0.927007 -0.249036 -0.209513 1
2.87 0.0681189 0.0646074 0.930811 -0.249434 -0.208208 1
2.88 0.0656225 0.0625319 0.934789 -0.249832 -0.206902 1
2.89 0.0631222 0.0604694 0.938946 -0.25023 -0.205596 1
2.9 0.0606179 0.05842 0.943284 -0.250629 -0.20429 1
2.91 0.0581096 0.0563836 0.947808 -0.251027 -0.202984 1
2.92 0.0555974 0.0543603 0.952521 -0.251425 -0.201678 1
2.93 0.0530811 0.05235 0.957427 -0.251823 -0.200372 1
2.94 0.0505609 0.0503528 0.962531 -0.252222 -0.199067 1
2.95 0.0480367 0.0483687 0.967835 -0.25262 -0.197761 1
2.96 0.0455085 0.0463976 0.973343 -0.253018 -0.196455 1
2.97 0.0429763 0.0444396 0.97906 -0.253417 -0.195149 1
2.98 0.0404402 0.0424947 0.984988 -0.253815 -0.193843 1
2.99 0.0379 0.0405628 0.991132 -0.254213 -0.192537 1
3 0.0353559 0.0386439 0.997495 -0.254611 -0.191231 1
3.01 0.0328109 0.0363494 0.997752 -0.254386 -0.229815 1
3.02 0.0302682 0.0340476 0.998055 -0.254161 -0.230553 1
3.03 0.0277277 0.0317384 0.998402 -0.253936 -0.231291 1
3.04 0.0251895 0.0294218 0.998791 -0.253711 -0.23203 1
3.05 0.0226535 0.0270978 0.99922 -0.253486 -0.232768 1
3.06 0.0201198 0.0247664 0.999687 -0.25326 -0.233506 1
3.07 0.0175883 0.0224277 1.00019 -0.253035 -0.234244 1
3.08 0.0150591 0.0200815 1.00072 -0.25281 -0.234982 1
3.09 0.0125321 0.017728 1.00129 -0.252585 -0.235721 1
3.1 0.0100074 0.0153671 1.00189 -0.25236 -0.236459 1
3.11 0.00748489 0.0129989 1.00251 -0.252135 -0.237197 1
3.12 0.00496467 0.0106232 1.00316 -0.25191 -0.237935 1
3.13 0.00244669 0.00824015 1.00383 -0.251685 -0.238673 1
3.14 -6.90261e-05 0.00584973 1.00452 -0.251459 -0.239411 1
3.15 -0.0025825 0.00345192 1.00523 -0.251234 -0.24015 1
3.16 -0.00509371 0.00104673 1.00596 -0.251009 -0.240888 1
3.17 -0.00760268 -0.00136583 1.0067 -0.250784 -0.241626 1
3.18 -0.0101094 -0.00378578 1.00745 -0.250559 -0.242364 1
3.19 -0.0126139 -0.00621312 1.00822 -0.250334 -0.243102 1
3.2 -0.0151161 -0.00864783 1.00899 -0.250109 -0.243841 1
3.21 -0.017616 -0.0110899 1.00977 -0.249884 -0.244579 1
3.22 -0.0201137 -0.0135394 1.01055 -0.249658 -0.245317 1
3.23 -0.0226092 -0.0159963 1.01133 -0.249433 -0.246055 1
3.24 -0.0251024 -0.0184605 1.01211 -0.249208 -0.246793 1
3.25 -0.0275934 -0.0209321 1.01289 -0.248983 -0.247531 1
3.26 -0.0300821 -0.0234111 1.01367 -0.248758 -0.24827 1
3.27 -0.0325685 -0.0258975 1.01444 -0.248533 -0.249008 1
3.28 -0.0350527 -0.0283913 1.0152 -0.248308 -0.249746 1
3.29 -0.0375347 -0.0308924 1.01595 -0.248083 -0.250484 1
3.3 -0.0400144 -0.033401 1.01668 -0.247857 -0.251222 1
3.31 -0.0424918 -0.0359169 1.0174 -0.247632 -0.251961 1
3.32 -0.044967 -0.0384402 1.0181 -0.247407 -0.252699 1
3.33 -0.04744 -0.0409709 1.01879 -0.247182 -0.253437 1
3.34 -0.0499107 -0.0435089 1.01945 -0.246957 -0.254175 1
3.35 -0.0523791 -0.0460544 1.02009 -0.246732 -0.254913 1
3.36 -0.0548453 -0.0486072 1.0207 -0.246507 -0.255651 1
3.37 -0.0573092 -0.0511674 1.02128 -0.246281 -0.25639 1
3.38 -0.0597709 -0.053735 1.02184 -0.246056 -0.257128 1
3.39 -0.0622304 -0.0563099 1.02236 -0.245831 -0.257866 1
3.4 -0.0646876 -0.0588923 1.02285 -0.245606 -0.258604 1
3.41 -0.0671425 -0.061482 1.0233 -0.245381 -0.259342 1
3.42 -0.0695952 -0.0640791 1.02371 -0.245156 -0.260081 1
3.43 -0.0720456 -0.0666836 1.02409 -0.244931 -0.260819 1
3.44 -0.0744938 -0.0692955 1.02441 -0.244706 -0.261557 1
3.45 -0.0769397 -0.0719148 1.0247 -0.24448 -0.262295 1
3.46 -0.0793834 -0.0745414 1.02494 -0.244255 -0.263033 1
3.47 -0.0818248 -0.0771754 1.02513 -0.24403 -0.263771 1
3.48 -0.084264 -0.0798168 1.02526 -0.243805 -0.26451 1
3.49 -0.0867009 -0.0824656 1.02535 -0.24358 -0.265248 1
3.5 -0.0891356 -0.0851218 1.02538 -0.243355 -0.265986 1
3.51 -0.091568 -0.0877854 1.02535 -0.24313 -0.266724 1
3.52 -0.0939982 -0.0904563 1.02526 -0.242905 -0.267462 1
3.53 -0.0964261 -0.0931346 1.02511 -0.242679 -0.268201 1
3.54 -0.0988518 -0.0958203 1.02489 -0.242454 -0.268939 1
3.55 -0.101275 -0.0985134 1.02461 -0.242229 -0.269677 1
3.56 -0.103696 -0.101214 1.02426 -0.242004 -0.270415 1
3.57 -0.106115 -0.103922 1.02384 -0.241779 -0.271153 1
3.58 -0.108532 -0.106637 1.02335 -0.241554 -0.271891 1
3.59 -0.110946 -0.10936 1.02279 -0.241329 -0.27263 1
3.6 -0.113359 -0.112089 1.02214 -0.241104 -0.273368 1
3.61 -0.115768 -0.114827 1.02142 -0.240878 -0.274106 1
3.62 -0.118176 -0.117572 1.02062 -0.240653 -0.274844 1
3.63 -0.120581 -0.120324 1.01973 -0.240428 -0.275582 1
3.64 -0.122985 -0.123083 1.01876 -0.240203 -0.276321 1
3.65 -0.125386 -0.12585 1.01771 -0.239978 -0.277059 1
3.66 -0.127784 -0.128624 1.01656 -0.239753 -0.277797 1
3.67 -0.130181 -0.131406 1.01532 -0.239528 -0.278535 1
3.68 -0.132575 -0.134195 1.01399 -0.239303 -0.279273 1
3.69 -0.134967 -0.136992 1.01256 -0.239077 -0.280011 1
3.7 -0.137356 -0.139795 1.01104 -0.238852 -0.28075 1
3.71 -0.139744 -0.142607 1.00941 -0.238627 -0.281488 1
3.72 -0.142129 -0.145425 1.00768 -0.238402 -0.282226 1
3.73 -0.144512 -0.148251 1.00585 -0.238177 -0.282964 1
3.74 -0.146892 -0.151084 1.00391 -0.237952 -0.283702 1
3.75 -0.149271 -0.153925 1.00187 -0.237727 -0.28444 1
3.76 -0.151647 -0.156773 0.999711 -0.237501 -0.285179 1
3.77 -0.154021 -0.159629 0.997442 -0.237276 -0.285917 1
3.78 -0.156392 -0.162492 0.995058 -0.237051 -0.286655 1
3.79 -0.158762 -0.165362 0.992557 -0.236826 -0.287393 1
3.8 -0.161129 -0.168239 0.989937 -0.236601 -0.288131 1
3.81 -0.163494 -0.171124 0.987196 -0.236376 -0.28887 1
3.82 -0.165856 -0.174017 0.984332 -0.236151 -0.289608 1
3.83 -0.168217 -0.176917 0.981343 -0.235926 -0.290346 1
3.84 -0.170575 -0.179824 0.978226 -0.2357 -0.291084 1
3.85 -0.172931 -0.182738 0.97498 -0.235475 -0.291822 1
3.86 -0.175284 -0.18566 0.971601 -0.23525 -0.29256 1
3.87 -0.177636 -0.188589 0.96809 -0.235025 -0.293299 1
3.88 -0.179985 -0.191526 0.964442 -0.2348 -0.294037 1
3.89 -0.182332 -0.19447 0.960656 -0.234575 -0.294775 1
3.9 -0.184676 -0.197422 0.95673 -0.23435 -0.295513 1
3.91 -0.187019 -0.20038 0.952662 -0.234125 -0.296251 1
3.92 -0.189359 -0.203347 0.948449 -0.233899 -0.29699 1
3.93 -0.191697 -0.20632 0.94409 -0.233674 -0.297728 1
3.94 -0.194032 -0.209301 0.939583 -0.233449 -0.298466 1
3.95 -0.196366 -0.21229 0.934924 -0.233224 -0.299204 1
3.96 -0.198697 -0.215285 0.930113 -0.232999 -0.299942 1
3.97 -0.201026 -0.218288 0.925147 -0.232774 -0.30068 1
3.98 -0.203352 -0.221299 0.920024 -0.232549 -0.301419 1
3.99 -0.205677 -0.224317 0.914741 -0.232324 -0.302157 1
4 -0.207999 -0.227342 0.909297 -0.232098 -0.302895 1
4.01 -0.210316 -0.228158 0.907412 -0.231305 -0.0828515 1
4.02 -0.212625 -0.228999 0.905746 -0.230512 -0.085453 1
4.03 -0.214926 -0.229867 0.904291 -0.229718 -0.0880545 1
4.04 -0.217219 -0.23076 0.903041 -0.228925 -0.090656 1
4.05 -0.219505 -0.23168 0.901987 -0.228132 -0.0932575 1
4.06 -0.221782 -0.232625 0.901122 -0.227338 -0.0958589 1
4.07 -0.224051 -0.233597 0.900438 -0.226545 -0.0984604 1
4.08 -0.226313 -0.234595 0.899929 -0.225751 -0.101062 1
4.09 -0.228566 -0.235618 0.899587 -0.224958 -0.103663 1
4.1 -0.230812 -0.236668 0.899404 -0.224165 -0.106265 1
4.11 -0.23305 -0.237743 0.899373 -0.223371 -0.108866 1
4.12 -0.235279 -0.238845 0.899486 -0.222578 -0.111468 1
4.13 -0.237501 -0.239973 0.899737 -0.221785 -0.114069 1
4.14 -0.239715 -0.241127 0.900116 -0.220991 -0.116671 1
4.15 -0.241921 -0.242306 0.900618 -0.220198 -0.119272 1
4.16 -0.244119 -0.243512 0.901234 -0.219404 -0.121874 1
4.17 -0.246309 -0.244744 0.901957 -0.218611 -0.124475 1
4.18 -0.248491 -0.246001 0.90278 -0.217818 -0.127077 1
4.19 -0.250666 -0.247285 0.903695 -0.217024 -0.129678 1
4.2 -0.252832 -0.248595 0.904695 -0.216231 -0.13228 1
4.21 -0.25499 -0.249931 0.905772 -0.215438 -0.134881 1
4.22 -0.257141 -0.251293 0.906919 -0.214644 -0.137483 1
4.23 -0.259283 -0.252681 0.908128 -0.213851 -0.140084 1
4.24 -0.261418 -0.254094 0.909392 -0.213058 -0.142686 1
4.25 -0.263544 -0.255534 0.910703 -0.212264 -0.145287 1
4.26 -0.265663 -0.257 0.912055 -0.211471 -0.147889 1
4.27 -0.267774 -0.258492 0.913439 -0.210677 -0.15049 1
4.28 -0.269876 -0.26001 0.914847 -0.209884 -0.153092 1
4.29 -0.271971 -0.261554 0.916274 -0.209091 -0.155693 1
4.3 -0.274058 -0.263124 0.91771 -0.208297 -0.158295 1
4.31 -0.276137 -0.26472 0.919149 -0.207504 -0.160896 1
4.32 -0.278208 -0.266342 0.920584 -0.206711 -0.163498 1
4.33 -0.280271 -0.26799 0.922006 -0.205917 -0.166099 1
4.34 -0.282327 -0.269664 0.923408 -0.205124 -0.168701 1
4.35 -0.284374 -0.271364 0.924783 -0.20433 -0.171302 1
4.36 -0.286413 -0.27309 0.926124 -0.203537 -0.173904 1
4.37 -0.288445 -0.274842 0.927422 -0.202744 -0.176505 1
4.38 -0.290468 -0.27662 0.928671 -0.20195 -0.179107 1
4.39 -0.292484 -0.278424 0.929863 -0.201157 -0.181708 1
4.4 -0.294491 -0.280254 0.93099 -0.200364 -0.18431 1
4.41 -0.296491 -0.28211 0.932045 -0.19957 -0.186911 1
4.42 -0.298483 -0.283992 0.933021 -0.198777 -0.189513 1
4.43 -0.300467 -0.2859 0.93391 -0.197984 -0.192114 1
4.44 -0.302442 -0.287835 0.934705 -0.19719 -0.194716 1
4.45 -0.30441 -0.289795 0.935398 -0.196397 -0.197317 1
4.46 -0.30637 -0.291781 0.935981 -0.195603 -0.199919 1
4.47 -0.308322 -0.293793 0.936448 -0.19481 -0.20252 1
4.48 -0.310267 -0.295831 0.936791 -0.194017 -0.205122 1
4.49 -0.312203 -0.297895 0.937002 -0.193223 -0.207723 1
4.5 -0.314131 -0.299986 0.937074 -0.19243 -0.210325 1
4.51 -0.316051 -0.302102 0.937 -0.191637 -0.212926 1
4.52 -0.317964 -0.304244 0.936771 -0.190843 -0.215528 1
4.53 -0.319868 -0.306413 0.936381 -0.19005 -0.218129 1
4.54 -0.321765 -0.308607 0.935822 -0.189256 -0.220731 1
4.55 -0.323653 -0.310827 0.935087 -0.188463 -0.223332 1
4.56 -0.325534 -0.313073 0.934168 -0.18767 -0.225934 1
4.57 -0.327407 -0.315346 0.933057 -0.186876 -0.228535 1
4.58 -0.329272 -0.317644 0.931748 -0.186083 -0.231137 1
4.59 -0.331128 -0.319969 0.930233 -0.18529 -0.233738 1
4.6 -0.332977 -0.322319 0.928503 -0.184496 -0.23634 1
4.61 -0.334818 -0.324695 0.926553 -0.183703 -0.238941 1
4.62 -0.336651 -0.327098 0.924374 -0.18291 -0.241543 1
4.63 -0.338476 -0.329526 0.921959 -0.182116 -0.244144 1
4.64 -0.340294 -0.331981 0.919301 -0.181323 -0.246746 1
4.65 -0.342103 -0.334461 0.916391 -0.180529 -0.249347 1
4.66 -0.343904 -0.336968 0.913223 -0.179736 -0.251949 1
4.67 -0.345698 -0.3395 0.909789 -0.178943 -0.25455 1
4.68 -0.347483 -0.342059 0.906082 -0.178149 -0.257152 1
4.69 -0.349261 -0.344643 0.902094 -0.177356 -0.259753 1
4.7 -0.35103 -0.347254 0.897817 -0.176563 -0.262355 1
4.71 -0.352792 -0.34989 0.893245 -0.175769 -0.264956 1
4.72 -0.354546 -0.352553 0.88837 -0.174976 -0.267558 1
4.73 -0.356291 -0.355241 0.883184 -0.174182 -0.270159 1
4.74 -0.358029 -0.357956 0.87768 -0.173389 -0.272761 1
4.75 -0.359759 -0.360697 0.87185 -0.172596 -0.275362 1
4.76 -0.361481 -0.363463 0.865688 -0.171802 -0.277964 1
4.77 -0.363195 -0.366256 0.859184 -0.171009 -0.280565 1
4.78 -0.364901 -0.369074 0.852333 -0.170216 -0.283167 1
4.79 -0.3666 -0.371919 0.845126 -0.169422 -0.285768 1
4.8 -0.36829 -0.37479 0.837557 -0.168629 -0.28837 1
4.81 -0.369972 -0.377687 0.829617 -0.167836 -0.290971 1
4.82 -0.371647 -0.380609 0.821299 -0.167042 -0.293573 1
4.83 -0.373313 -0.383558 0.812596 -0.166249 -0.296174 1
4.84 -0.374972 -0.386533 0.803501 -0.165455 -0.298776 1
4.85 -0.376622 -0.389534 0.794005 -0.164662 -0.301377 1
4.86 -0.378265 -0.39256 0.784101 -0.163869 -0.303978 1
4.87 -0.379899 -0.395613 0.773783 -0.163075 -0.30658 1
4.88 -0.381526 -0.398692 0.763042 -0.162282 -0.309181 1
4.89 -0.383145 -0.401797 0.75187 -0.161489 -0.311783 1
4.9 -0.384756 -0.404928 0.740262 -0.160695 -0.314384 1
4.91 -0.386359 -0.408084 0.728208 -0.159902 -0.316986 1
4.92 -0.387954 -0.411267 0.715702 -0.159109 -0.319587 1
4.93 -0.389541 -0.414476 0.702736 -0.158315 -0.322189 1
4.94 -0.39112 -0.417711 0.689303 -0.157522 -0.32479 1
4.95 -0.392692 -0.420972 0.675395 -0.156728 -0.327392 1
4.96 -0.394255 -0.424259 0.661005 -0.155935 -0.329993 1
4.97 -0.39581 -0.427572 0.646125 -0.155142 -0.332595 1
4.98 -0.397358 -0.430911 0.630748 -0.154348 -0.335196 1
4.99 -0.398897 -0.434276 0.614866 -0.153555 -0.337798 1
5 -0.400429 -0.437667 0.598472 -0.152762 -0.340399 1
5.01 -0.401951 -0.438019 0.59443 -0.151594 -0.0353009 1
5.02 -0.403461 -0.438373 0.590736 -0.150427 -0.0354268 1
5.03 -0.404959 -0.438728 0.587379 -0.149259 -0.0355526 1
5.04 -0.406446 -0.439084 0.584348 -0.148092 -0.0356785 1
5.05 -0.407921 -0.439441 0.581632 -0.146924 -0.0358044 1
5.06 -0.409384 -0.4398 0.579219 -0.145757 -0.0359303 1
5.07 -0.410836 -0.44016 0.5771 -0.144589 -0.0360561 1
5.08 -0.412276 -0.440521 0.575262 -0.143422 -0.036182 1
5.09 -0.413705 -0.440883 0.573696 -0.142255 -0.0363079 1
5.1 -0.415121 -0.441247 0.572389 -0.141087 -0.0364338 1
5.11 -0.416526 -0.441612 0.571332 -0.13992 -0.0365596 1
5.12 -0.41792 -0.441978 0.570512 -0.138752 -0.0366855 1
5.13 -0.419301 -0.442346 0.56992 -0.137585 -0.0368114 1
5.14 -0.420671 -0.442715 0.569544 -0.136417 -0.0369372 1
5.15 -0.42203 -0.443085 0.569373 -0.13525 -0.0370631 1
5.16 -0.423376 -0.443456 0.569396 -0.134082 -0.037189 1
5.17 -0.424711 -0.443828 0.569602 -0.132915 -0.0373149 1
5.18 -0.426035 -0.444202 0.56998 -0.131747 -0.0374407 1
5.19 -0.427346 -0.444577 0.57052 -0.13058 -0.0375666 1
5.2 -0.428646 -0.444954 0.57121 -0.129413 -0.0376925 1
5.21 -0.429935 -0.445331 0.572039 -0.128245 -0.0378183 1
5.22 -0.431211 -0.44571 0.572997 -0.127078 -0.0379442 1
5.23 -0.432476 -0.44609 0.574071 -0.12591 -0.0380701 1
5.24 -0.433729 -0.446471 0.575252 -0.124743 -0.038196 1
5.25 -0.434971 -0.446854 0.576529 -0.123575 -0.0383218 1
5.26 -0.436201 -0.447238 0.57789 -0.122408 -0.0384477 1
5.27 -0.437419 -0.447623 0.579324 -0.12124 -0.0385736 1
5.28 -0.438626 -0.448009 0.580821 -0.120073 -0.0386994 1
5.29 -0.439821 -0.448397 0.582369 -0.118905 -0.0388253 1
5.3 -0.441004 -0.448786 0.583957 -0.117738 -0.0389512 1
5.31 -0.442175 -0.449176 0.585576 -0.116571 -0.0390771 1
5.32 -0.443335 -0.449567 0.587212 -0.115403 -0.0392029 1
5.33 -0.444483 -0.44996 0.588856 -0.114236 -0.0393288 1
5.34 -0.44562 -0.450354 0.590497 -0.113068 -0.0394547 1
5.35 -0.446745 -0.450749 0.592124 -0.111901 -0.0395806 1
5.36 -0.447858 -0.451145 0.593725 -0.110733 -0.0397064 1
5.37 -0.448959 -0.451543 0.595289 -0.109566 -0.0398323 1
5.38 -0.450049 -0.451942 0.596807 -0.108398 -0.0399582 1
5.39 -0.451127 -0.452342 0.598266 -0.107231 -0.040084 1
5.4 -0.452194 -0.452744 0.599655 -0.106064 -0.0402099 1
5.41 -0.453249 -0.453146 0.600965 -0.104896 -0.0403358 1
5.42 -0.454292 -0.45355 0.602183 -0.103729 -0.0404617 1
5.43 -0.455323 -0.453956 0.603299 -0.102561 -0.0405875 1
5.44 -0.456343 -0.454362 0.604302 -0.101394 -0.0407134 1
5.45 -0.457351 -0.45477 0.60518 -0.100226 -0.0408393 1
5.46 -0.458348 -0.455179 0.605924 -0.0990588 -0.0409651 1
5.47 -0.459332 -0.455589 0.606521 -0.0978914 -0.041091 1
5.48 -0.460305 -0.456001 0.606962 -0.0967239 -0.0412169 1
5.49 -0.461267 -0.456414 0.607234 -0.0955565 -0.0413428 1
5.5 -0.462217 -0.456828 0.607327 -0.094389 -0.0414686 1
5.51 -0.463155 -0.457243 0.60723 -0.0932216 -0.0415945 1
5.52 -0.464081 -0.45766 0.606932 -0.0920541 -0.0417204 1
5.53 -0.464996 -0.458077 0.606423 -0.0908867 -0.0418463 1
5.54 -0.465899 -0.458496 0.60569 -0.0897192 -0.0419721 1
5.55 -0.46679 -0.458917 0.604723 -0.0885518 -0.042098 1
5.56 -0.46767 -0.459338 0.603511 -0.0873843 -0.0422239 1
5.57 -0.468538 -0.459761 0.602044 -0.0862169 -0.0423497 1
5.58 -0.469394 -0.460185 0.60031 -0.0850494 -0.0424756 1
5.59 -0.470239 -0.460611 0.598297 -0.083882 -0.0426015 1
5.6 -0.471072 -0.461037 0.595996 -0.0827145 -0.0427274 1
5.61 -0.471893 -0.461465 0.593396 -0.0815471 -0.0428532 1
5.62 -0.472703 -0.461895 0.590484 -0.0803796 -0.0429791 1
5.63 -0.473501 -0.462325 0.587251 -0.0792122 -0.043105 1
5.64 -0.474287 -0.462757 0.583685 -0.0780447 -0.0432308 1
5.65 -0.475061 -0.46319 0.579775 -0.0768773 -0.0433567 1
5.66 -0.475824 -0.463624 0.575511 -0.0757098 -0.0434826 1
5.67 -0.476576 -0.464059 0.570881 -0.0745424 -0.0436085 1
5.68 -0.477315 -0.464496 0.565874 -0.0733749 -0.0437343 1
5.69 -0.478043 -0.464934 0.56048 -0.0722075 -0.0438602 1
5.7 -0.478759 -0.465373 0.554687 -0.07104 -0.0439861 1
5.71 -0.479464 -0.465814 0.548484 -0.0698726 -0.044112 1
5.72 -0.480157 -0.466255 0.541862 -0.0687051 -0.0442378 1
5.73 -0.480838 -0.466698 0.534807 -0.0675377 -0.0443637 1
5.74 -0.481508 -0.467143 0.52731 -0.0663702 -0.0444896 1
5.75 -0.482165 -0.467588 0.51936 -0.0652028 -0.0446154 1
5.76 -0.482812 -0.468035 0.510945 -0.0640353 -0.0447413 1
5.77 -0.483446 -0.468483 0.502055 -0.0628679 -0.0448672 1
5.78 -0.484069 -0.468932 0.492678 -0.0617004 -0.0449931 1
5.79 -0.48468 -0.469383 0.482804 -0.060533 -0.0451189 1
5.8 -0.48528 -0.469835 0.472422 -0.0593655 -0.0452448 1
5.81 -0.485868 -0.470288 0.46152 -0.0581981 -0.0453707 1
5.82 -0.486444 -0.470742 0.450088 -0.0570306 -0.0454965 1
5.83 -0.487008 -0.471198 0.438115 -0.0558632 -0.0456224 1
5.84 -0.487561 -0.471655 0.42559 -0.0546957 -0.0457483 1
5.85 -0.488102 -0.472113 0.412501 -0.0535283 -0.0458742 1
5.86 -0.488631 -0.472572 0.398838 -0.0523608 -0.046 1
5.87 -0.489149 -0.473033 0.38459 -0.0511934 -0.0461259 1
5.88 -0.489655 -0.473495 0.369746 -0.0500259 -0.0462518 1
5.89 -0.49015 -0.473958 0.354295 -0.0488585 -0.0463777 1
5.9 -0.490633 -0.474422 0.338225 -0.047691 -0.0465035 1
5.91 -0.491104 -0.474888 0.321527 -0.0465236 -0.0466294 1
5.92 -0.491563 -0.475355 0.304188 -0.0453561 -0.0467553 1
5.93 -0.492011 -0.475823 0.286198 -0.0441887 -0.0468811 1
5.94 -0.492447 -0.476292 0.267547 -0.0430212 -0.047007 1
5.95 -0.492871 -0.476763 0.248222 -0.0418538 -0.0471329 1
5.96 -0.493284 -0.477235 0.228214 -0.0406863 -0.0472588 1
5.97 -0.493685 -0.477708 0.20751 -0.0395189 -0.0473846 1
5.98 -0.494074 -0.478183 0.186101 -0.0383514 -0.0475105 1
5.99 -0.494452 -0.478658 0.163974 -0.037184 -0.0476364 1
6 -0.494818 -0.479135 0.14112 -0.0360165 -0.0477622 1
6.01 -0.495172 -0.479908 0.136387 -0.0347611 -0.076491 1
6.02 -0.495513 -0.480665 0.132036 -0.0335058 -0.074915 1
6.03 -0.495842 -0.481406 0.128055 -0.0322504 -0.0733391 1
6.04 -0.496158 -0.482132 0.124433 -0.030995 -0.0717632 1
6.05 -0.496462 -0.482842 0.121157 -0.0297396 -0.0701872 1
6.06 -0.496753 -0.483536 0.118215 -0.0284843 -0.0686113 1
6.07 -0.497031 -0.484214 0.115597 -0.0272289 -0.0670354 1
6.08 -0.497297 -0.484876 0.113289 -0.0259735 -0.0654594 1
6.09 -0.497551 -0.485523 0.111281 -0.0247181 -0.0638835 1
6.1 -0.497792 -0.486154 0.10956 -0.0234628 -0.0623075 1
6.11 -0.49802 -0.486769 0.108115 -0.0222074 -0.0607316 1
6.12 -0.498236 -0.487369 0.106933 -0.020952 -0.0591557 1
6.13 -0.498439 -0.487952 0.106004 -0.0196966 -0.0575797 1
6.14 -0.49863 -0.48852 0.105315 -0.0184413 -0.0560038 1
6.15 -0.498808 -0.489072 0.104854 -0.0171859 -0.0544279 1
6.16 -0.498974 -0.489609 0.10461 -0.0159305 -0.0528519 1
6.17 -0.499127 -0.49013 0.104571 -0.0146751 -0.051276 1
6.18 -0.499267 -0.490634 0.104725 -0.0134198 -0.0497001 1
6.19 -0.499395 -0.491124 0.10506 -0.0121644 -0.0481241 1
6.2 -0.49951 -0.491597 0.105564 -0.010909 -0.0465482 1
6.21 -0.499613 -0.492055 0.106226 -0.00965363 -0.0449722 1
6.22 -0.499704 -0.492496 0.107034 -0.00839826 -0.0433963 1
6.23 -0.499781 -0.492922 0.107975 -0.00714288 -0.0418204 1
6.24 -0.499846 -0.493333 0.109039 -0.00588751 -0.0402444 1
6.25 -0.499899 -0.493727 0.110213 -0.00463213 -0.0386685 1
6.26 -0.499939 -0.494106 0.111486 -0.00337676 -0.0370926 1
6.27 -0.499967 -0.494469 0.112845 -0.00212138 -0.0355166 1
6.28 -0.499981 -0.494816 0.11428 -0.000866008 -0.0339407 1
6.29 -0.499984 -0.495148 0.115777 0.000389367 -0.0323648 1
6.3 -0.499974 -0.495464 0.117326 0.00164474 -0.0307888 1
6.31 -0.499951 -0.495764 0.118915 0.00290012 -0.0292129 1
6.32 -0.499916 -0.496048 0.120531 0.00415549 -0.0276369 1
6.33 -0.499868 -0.496316 0.122163 0.00541087 -0.026061 1
6.34 -0.499807 -0.496569 0.123799 0.00666624 -0.0244851 1
6.35 -0.499735 -0.496806 0.125427 0.00792162 -0.0229091 1
6.36 -0.499649 -0.497027 0.127036 0.00917699 -0.0213332 1
6.37 -0.499551 -0.497233 0.128614 0.0104324 -0.0197573 1
6.38 -0.49944 -0.497423 0.130149 0.0116877 -0.0181813 1
6.39 -0.499317 -0.497596 0.131628 0.0129431 -0.0166054 1
6.4 -0.499182 -0.497755 0.133041 0.0141985 -0.0150294 1
6.41 -0.499033 -0.497897 0.134375 0.0154539 -0.0134535 1
6.42 -0.498872 -0.498024 0.135619 0.0167092 -0.0118776 1
6.43 -0.498699 -0.498135 0.136761 0.0179646 -0.0103016 1
6.44 -0.498513 -0.49823 0.137789 0.01922 -0.0087257 1
6.45 -0.498315 -0.498309 0.138691 0.0204754 -0.00714976 1
6.46 -0.498104 -0.498373 0.139456 0.0217307 -0.00557383 1
6.47 -0.49788 -0.498421 0.140071 0.0229861 -0.00399789 1
6.48 -0.497644 -0.498453 0.140525 0.0242415 -0.00242195 1
6.49 -0.497395 -0.498469 0.140807 0.0254969 -0.000846018 1
6.5 -0.497134 -0.49847 0.140903 0.0267522 0.000729918 1
6.51 -0.49686 -0.498454 0.140803 0.0280076 0.00230586 1
6.52 -0.496574 -0.498424 0.140494 0.029263 0.00388179 1
6.53 -0.496275 -0.498377 0.139965 0.0305184 0.00545773 1
6.54 -0.495963 -0.498314 0.139204 0.0317737 0.00703366 1
6.55 -0.495639 -0.498236 0.1382 0.0330291 0.0086096 1
6.56 -0.495303 -0.498142 0.136939 0.0342845 0.0101855 1
6.57 -0.494954 -0.498032 0.135412 0.0355399 0.0117615 1
6.58 -0.494592 -0.497907 0.133605 0.0367952 0.0133374 1
6.59 -0.494218 -0.497766 0.131507 0.0380506 0.0149133 1
6.6 -0.493831 -0.497609 0.129106 0.039306 0.0164893 1
6.61 -0.493432 -0.497436 0.12639 0.0405614 0.0180652 1
6.62 -0.49302 -0.497247 0.123349 0.0418167 0.0196412 1
6.63 -0.492595 -0.497043 0.119968 0.0430721 0.0212171 1
6.64 -0.492158 -0.496823 0.116238 0.0443275 0.022793 1
6.65 -0.491709 -0.496587 0.112146 0.0455829 0.024369 1
6.66 -0.491247 -0.496336 0.10768 0.0468382 0.0259449 1
6.67 -0.490772 -0.496068 0.102829 0.0480936 0.0275208 1
6.68 -0.490285 -0.495785 0.0975805 0.049349 0.0290968 1
6.69 -0.489785 -0.495486 0.0919229 0.0506044 0.0306727 1
6.7 -0.489273 -0.495172 0.0858444 0.0518597 0.0322487 1
6.71 -0.488748 -0.494841 0.0793332 0.0531151 0.0338246 1
6.72 -0.48821 -0.494495 0.0723775 0.0543705 0.0354005 1
6.73 -0.48766 -0.494133 0.0649655 0.0556259 0.0369765 1
6.74 -0.487098 -0.493756 0.0570853 0.0568812 0.0385524 1
6.75 -0.486523 -0.493362 0.0487253 0.0581366 0.0401283 1
6.76 -0.485935 -0.492953 0.0398735 0.059392 0.0417043 1
6.77 -0.485335 -0.492528 0.0305182 0.0606474 0.0432802 1
6.78 -0.484722 -0.492088 0.0206475 0.0619027 0.0448561 1
6.79 -0.484097 -0.491631 0.0102497 0.0631581 0.0464321 1
6.8 -0.483459 -0.491159 -0.000687105 0.0644135 0.048008 1
6.81 -0.482809 -0.490671 -0.0121746 0.0656689 0.049584 1
6.82 -0.482146 -0.490167 -0.0242247 0.0669242 0.0511599 1
6.83 -0.48147 -0.489648 -0.0368492 0.0681796 0.0527358 1
6.84 -0.480782 -0.489113 -0.0500598 0.069435 0.0543118 1
6.85 -0.480082 -0.488562 -0.0638684 0.0706904 0.0558877 1
6.86 -0.479368 -0.487995 -0.0782868 0.0719457 0.0574636 1
6.87 -0.478643 -0.487412 -0.0933268 0.0732011 0.0590396 1
6.88 -0.477904 -0.486814 -0.109 0.0744565 0.0606155 1
6.89 -0.477153 -0.4862 -0.125319 0.0757119 0.0621914 1
6.9 -0.47639 -0.48557 -0.142294 0.0769672 0.0637674 1
6.91 -0.475614 -0.484925 -0.159939 0.0782226 0.0653433 1
6.92 -0.474826 -0.484263 -0.178264 0.079478 0.0669193 1
6.93 -0.474025 -0.483586 -0.197281 0.0807334 0.0684952 1
6.94 -0.473211 -0.482893 -0.217003 0.0819887 0.0700711 1
6.95 -0.472385 -0.482185 -0.237441 0.0832441 0.0716471 1
6.96 -0.471546 -0.48146 -0.258606 0.0844995 0.073223 1
6.97 -0.470695 -0.48072 -0.280512 0.0857549 0.0747989 1
6.98 -0.469831 -0.479964 -0.303168 0.0870102 0.0763749 1
6.99 -0.468955 -0.479193 -0.326588 0.0882656 0.0779508 1
7 -0.468066 -0.478405 -0.350783 0.089521 0.0795267 1
7.01 -0.467165 -0.476496 -0.355524 0.0905581 0.190273 1
7.02 -0.466254 -0.4746 -0.359933 0.0915953 0.188866 1
7.03 -0.465333 -0.472718 -0.36402 0.0926325 0.187459 1
7.04 -0.464402 -0.470851 -0.367794 0.0936696 0.186052 1
7.05 -0.46346 -0.468997 -0.371265 0.0947068 0.184644 1
7.06 -0.462508 -0.467158 -0.374443 0.0957439 0.183237 1
7.07 -0.461545 -0.465333 -0.377338 0.0967811 0.18183 1
7.08 -0.460572 -0.463521 -0.379959 0.0978182 0.180423 1
7.09 -0.459589 -0.461724 -0.382317 0.0988554 0.179015 1
7.1 -0.458595 -0.459941 -0.38442 0.0998925 0.177608 1
7.11 -0.457591 -0.458172 -0.386279 0.10093 0.176201 1
7.12 -0.456576 -0.456417 -0.387903 0.101967 0.174794 1
7.13 -0.455552 -0.454676 -0.389302 0.103004 0.173386 1
7.14 -0.454516 -0.452949 -0.390486 0.104041 0.171979 1
7.15 -0.453471 -0.451237 -0.391465 0.105078 0.170572 1
7.16 -0.452415 -0.449538 -0.392248 0.106115 0.169165 1
7.17 -0.451348 -0.447853 -0.392845 0.107153 0.167757 1
7.18 -0.450272 -0.446183 -0.393266 0.10819 0.16635 1
7.19 -0.449185 -0.444526 -0.393521 0.109227 0.164943 1
7.2 -0.448087 -0.442884 -0.393619 0.110264 0.163536 1
7.21 -0.446979 -0.441256 -0.39357 0.111301 0.162128 1
7.22 -0.445861 -0.439641 -0.393384 0.112338 0.160721 1
7.23 -0.444733 -0.438041 -0.39307 0.113376 0.159314 1
7.24 -0.443594 -0.436455 -0.392639 0.114413 0.157907 1
7.25 -0.442444 -0.434883 -0.3921 0.11545 0.156499 1
7.26 -0.441285 -0.433325 -0.391462 0.116487 0.155092 1
7.27 -0.440115 -0.431781 -0.390736 0.117524 0.153685 1
7.28 -0.438934 -0.430251 -0.389932 0.118561 0.152278 1
7.29 -0.437743 -0.428736 -0.389058 0.119598 0.15087 1
7.3 -0.436542 -0.427234 -0.388125 0.120636 0.149463 1
7.31 -0.435331 -0.425746 -0.387143 0.121673 0.148056 1
7.32 -0.434109 -0.424273 -0.386121 0.12271 0.146649 1
7.33 -0.432876 -0.422813 -0.385069 0.123747 0.145241 1
7.34 -0.431634 -0.421368 -0.383997 0.124784 0.143834 1
7.35 -0.430381 -0.419937 -0.382914 0.125821 0.142427 1
7.36 -0.429117 -0.418519 -0.38183 0.126859 0.14102 1
7.37 -0.427844 -0.417116 -0.380756 0.127896 0.139613 1
7.38 -0.426559 -0.415727 -0.3797 0.128933 0.138205 1
7.39 -0.425265 -0.414352 -0.378672 0.12997 0.136798 1
7.4 -0.42396 -0.412991 -0.377683 0.131007 0.135391 1
7.41 -0.422645 -0.411644 -0.376742 0.132044 0.133984 1
7.42 -0.421319 -0.410312 -0.375858 0.133081 0.132576 1
7.43 -0.419983 -0.408993 -0.375042 0.134119 0.131169 1
7.44 -0.418637 -0.407688 -0.374304 0.135156 0.129762 1
7.45 -0.41728 -0.406398 -0.373652 0.136193 0.128355 1
7.46 -0.415913 -0.405121 -0.373096 0.13723 0.126947 1
7.47 -0.414535 -0.403859 -0.372648 0.138267 0.12554 1
7.48 -0.413148 -0.40261 -0.372315 0.139304 0.124133 1
7.49 -0.411749 -0.401376 -0.372108 0.140342 0.122726 1
7.5 -0.410341 -0.400156 -0.372037 0.141379 0.121318 1
7.51 -0.408922 -0.39895 -0.372111 0.142416 0.119911 1
7.52 -0.407492 -0.397758 -0.372341 0.143453 0.118504 1
7.53 -0.406053 -0.39658 -0.372735 0.14449 0.117097 1
7.54 -0.404603 -0.395416 -0.373304 0.145527 0.115689 1
7.55 -0.403142 -0.394266 -0.374058 0.146564 0.114282 1
7.56 -0.401671 -0.39313 -0.375005 0.147602 0.112875 1
7.57 -0.40019 -0.392008 -0.376157 0.148639 0.111468 1
7.58 -0.398699 -0.390901 -0.377522 0.149676 0.11006 1
7.59 -0.397197 -0.389807 -0.37911 0.150713 0.108653 1
7.6 -0.395684 -0.388728 -0.380931 0.15175 0.107246 1
7.61 -0.394162 -0.387662 -0.382996 0.152787 0.105839 1
7.62 -0.392629 -0.386611 -0.385313 0.153825 0.104431 1
7.63 -0.391085 -0.385573 -0.387892 0.154862 0.103024 1
7.64 -0.389531 -0.38455 -0.390743 0.155899 0.101617 1
7.65 -0.387967 -0.383541 -0.393876 0.156936 0.10021 1
7.66 -0.386393 -0.382546 -0.397301 0.157973 0.0988024 1
7.67 -0.384808 -0.381565 -0.401027 0.15901 0.0973952 1
7.68 -0.383212 -0.380598 -0.405064 0.160047 0.0959879 1
7.69 -0.381607 -0.379645 -0.409422 0.161085 0.0945807 1
7.7 -0.379991 -0.378707 -0.414111 0.162122 0.0931734 1
7.71 -0.378364 -0.377782 -0.419139 0.163159 0.0917662 1
7.72 -0.376728 -0.376871 -0.424518 0.164196 0.090359 1
7.73 -0.37508 -0.375975 -0.430257 0.165233 0.0889517 1
7.74 -0.373423 -0.375092 -0.436365 0.16627 0.0875445 1
7.75 -0.371755 -0.374224 -0.442852 0.167308 0.0861372 1
7.76 -0.370077 -0.373369 -0.449729 0.168345 0.08473 1
7.77 -0.368388 -0.372529 -0.457004 0.169382 0.0833227 1
7.78 -0.366689 -0.371703 -0.464687 0.170419 0.0819155 1
7.79 -0.36498 -0.370891 -0.472789 0.171456 0.0805082 1
7.8 -0.36326 -0.370093 -0.481319 0.172493 0.079101 1
7.81 -0.36153 -0.369309 -0.490287 0.17353 0.0776938 1
7.82 -0.359789 -0.368539 -0.499702 0.174568 0.0762865 1
7.83 -0.358038 -0.367783 -0.509574 0.175605 0.0748793 1
7.84 -0.356277 -0.367041 -0.519914 0.176642 0.073472 1
7.85 -0.354506 -0.366314 -0.53073 0.177679 0.0720648 1
7.86 -0.352724 -0.3656 -0.542032 0.178716 0.0706575 1
7.87 -0.350931 -0.364901 -0.553831 0.179753 0.0692503 1
7.88 -0.349129 -0.364215 -0.566136 0.180791 0.067843 1
7.89 -0.347316 -0.363544 -0.578956 0.181828 0.0664358 1
7.9 -0.345492 -0.362886 -0.592302 0.182865 0.0650286 1
7.91 -0.343658 -0.362243 -0.606183 0.183902 0.0636213 1
7.92 -0.341814 -0.361614 -0.620609 0.184939 0.0622141 1
7.93 -0.339959 -0.360999 -0.635589 0.185976 0.0608068 1
7.94 -0.338094 -0.360398 -0.651134 0.187013 0.0593996 1
7.95 -0.336219 -0.359811 -0.667253 0.188051 0.0579923 1
7.96 -0.334333 -0.359238 -0.683956 0.189088 0.0565851 1
7.97 -0.332437 -0.358679 -0.701253 0.190125 0.0551778 1
7.98 -0.330531 -0.358134 -0.719153 0.191162 0.0537706 1
7.99 -0.328614 -0.357604 -0.737666 0.192199 0.0523634 1
8 -0.326687 -0.357087 -0.756802 0.193236 0.0509561 1
8.01 -0.324752 -0.353753 -0.759915 0.193797 0.332452 1
8.02 -0.322811 -0.350438 -0.762836 0.194357 0.330605 1
8.03 -0.320865 -0.347141 -0.765572 0.194918 0.328757 1
8.04 -0.318913 -0.343863 -0.768126 0.195478 0.32691 1
8.05 -0.316955 -0.340603 -0.770505 0.196039 0.325062 1
8.06 -0.314992 -0.337362 -0.772714 0.196599 0.323215 1
8.07 -0.313023 -0.334139 -0.774758 0.19716 0.321367 1
8.08 -0.311049 -0.330934 -0.776642 0.19772 0.31952 1
8.09 -0.309069 -0.327748 -0.778373 0.198281 0.317673 1
8.1 -0.307083 -0.324581 -0.779954 0.198841 0.315825 1
8.11 -0.305092 -0.321432 -0.781392 0.199402 0.313978 1
8.12 -0.303095 -0.318301 -0.782691 0.199962 0.31213 1
8.13 -0.301093 -0.315189 -0.783857 0.200522 0.310283 1
8.14 -0.299085 -0.312096 -0.784895 0.201083 0.308436 1
8.15 -0.297071 -0.309021 -0.785811 0.201643 0.306588 1
8.16 -0.295052 -0.305964 -0.78661 0.202204 0.304741 1
8.17 -0.293027 -0.302926 -0.787297 0.202764 0.302893 1
8.18 -0.290996 -0.299906 -0.787877 0.203325 0.301046 1
8.19 -0.28896 -0.296905 -0.788356 0.203885 0.299199 1
8.2 -0.286919 -0.293922 -0.788739 0.204446 0.297351 1
8.21 -0.284872 -0.290958 -0.789031 0.205006 0.295504 1
8.22 -0.282819 -0.288012 -0.789238 0.205567 0.293656 1
8.23 -0.28076 -0.285085 -0.789365 0.206127 0.291809 1
8.24 -0.278696 -0.282176 -0.789417 0.206688 0.289962 1
8.25 -0.276626 -0.279285 -0.7894 0.207248 0.288114 1
8.26 -0.274551 -0.276414 -0.789318 0.207809 0.286267 1
8.27 -0.27247 -0.27356 -0.789178 0.208369 0.284419 1
8.28 -0.270384 -0.270725 -0.788983 0.20893 0.282572 1
8.29 -0.268292 -0.267909 -0.788741 0.20949 0.280724 1
8.3 -0.266194 -0.265111 -0.788455 0.21005 0.278877 1
8.31 -0.264091 -0.262331 -0.788132 0.210611 0.27703 1
8.32 -0.261982 -0.25957 -0.787777 0.211171 0.275182 1
8.33 -0.259867 -0.256827 -0.787394 0.211732 0.273335 1
8.34 -0.257747 -0.254103 -0.786989 0.212292 0.271487 1
8.35 -0.255621 -0.251398 -0.786568 0.212853 0.26964 1
8.36 -0.25349 -0.248711 -0.786136 0.213413 0.267793 1
8.37 -0.251353 -0.246042 -0.785698 0.213974 0.265945 1
8.38 -0.249211 -0.243392 -0.785259 0.214534 0.264098 1
8.39 -0.247062 -0.24076 -0.784825 0.215095 0.26225 1
8.4 -0.244909 -0.238147 -0.7844 0.215655 0.260403 1
8.41 -0.242749 -0.235552 -0.783991 0.216216 0.258556 1
8.42 -0.240584 -0.232976 -0.783603 0.216776 0.256708 1
8.43 -0.238414 -0.230418 -0.783241 0.217337 0.254861 1
8.44 -0.236238 -0.227878 -0.782909 0.217897 0.253013 1
8.45 -0.234056 -0.225357 -0.782614 0.218458 0.251166 1
8.46 -0.231868 -0.222855 -0.782361 0.219018 0.249319 1
8.47 -0.229675 -0.220371 -0.782155 0.219579 0.247471 1
8.48 -0.227477 -0.217906 -0.782001 0.220139 0.245624 1
8.49 -0.225273 -0.215459 -0.781905 0.220699 0.243776 1
8.5 -0.223063 -0.21303 -0.781872 0.22126 0.241929 1
8.51 -0.220848 -0.21062 -0.781907 0.22182 0.240081 1
8.52 -0.218627 -0.208228 -0.782015 0.222381 0.238234 1
8.53 -0.2164 -0.205855 -0.782202 0.222941 0.236387 1
8.54 -0.214168 -0.203501 -0.782474 0.223502 0.234539 1
8.55 -0.21193 -0.201165 -0.782835 0.224062 0.232692 1
8.56 -0.209686 -0.198847 -0.783291 0.224623 0.230844 1
8.57 -0.207437 -0.196548 -0.783846 0.225183 0.228997 1
8.58 -0.205183 -0.194267 -0.784507 0.225744 0.22715 1
8.59 -0.202923 -0.192005 -0.785279 0.226304 0.225302 1
8.6 -0.200657 -0.189761 -0.786166 0.226865 0.223455 1
8.61 -0.198385 -0.187536 -0.787175 0.227425 0.221607 1
8.62 -0.196108 -0.185329 -0.78831 0.227986 0.21976 1
8.63 -0.193826 -0.18314 -0.789577 0.228546 0.217913 1
8.64 -0.191537 -0.180971 -0.790981 0.229107 0.216065 1
8.65 -0.189243 -0.178819 -0.792528 0.229667 0.214218 1
8.66 -0.186944 -0.176686 -0.794222 0.230227 0.21237 1
8.67 -0.184639 -0.174572 -0.796069 0.230788 0.210523 1
8.68 -0.182328 -0.172476 -0.798075 0.231348 0.208675 1
8.69 -0.180012 -0.170398 -0.800244 0.231909 0.206828 1
8.7 -0.17769 -0.168339 -0.802582 0.232469 0.204981 1
8.71 -0.175362 -0.166299 -0.805094 0.23303 0.203133 1
8.72 -0.173029 -0.164276 -0.807786 0.23359 0.201286 1
8.73 -0.170691 -0.162273 -0.810662 0.234151 0.199438 1
8.74 -0.168346 -0.160288 -0.813729 0.234711 0.197591 1
8.75 -0.165996 -0.158321 -0.816991 0.235272 0.195744 1
8.76 -0.163641 -0.156373 -0.820453 0.235832 0.193896 1
8.77 -0.16128 -0.154443 -0.824122 0.236393 0.192049 1
8.78 -0.158913 -0.152532 -0.828002 0.236953 0.190201 1
8.79 -0.156541 -0.150639 -0.832098 0.237514 0.188354 1
8.8 -0.154163 -0.148765 -0.836416 0.238074 0.186507 1
8.81 -0.151779 -0.146909 -0.840962 0.238635 0.184659 1
8.82 -0.14939 -0.145072 -0.84574 0.239195 0.182812 1
8.83 -0.146995 -0.143253 -0.850755 0.239755 0.180964 1
8.84 -0.144595 -0.141452 -0.856014 0.240316 0.179117 1
8.85 -0.142189 -0.13967 -0.861521 0.240876 0.17727 1
8.86 -0.139777 -0.137907 -0.867281 0.241437 0.175422 1
8.87 -0.13736 -0.136162 -0.873301 0.241997 0.173575 1
8.88 -0.134938 -0.134435 -0.879585 0.242558 0.171727 1
8.89 -0.132509 -0.132727 -0.886138 0.243118 0.16988 1
8.9 -0.130075 -0.131038 -0.892966 0.243679 0.168032 1
8.91 -0.127636 -0.129367 -0.900075 0.244239 0.166185 1
8.92 -0.12519 -0.127714 -0.907469 0.2448 0.164338 1
8.93 -0.12274 -0.12608 -0.915153 0.24536 0.16249 1
8.94 -0.120283 -0.124464 -0.923134 0.245921 0.160643 1
8.95 -0.117821 -0.122867 -0.931416 0.246481 0.158795 1
8.96 -0.115354 -0.121288 -0.940004 0.247042 0.156948 1
8.97 -0.11288 -0.119728 -0.948904 0.247602 0.155101 1
8.98 -0.110402 -0.118186 -0.958122 0.248163 0.153253 1
8.99 -0.107917 -0.116663 -0.967662 0.248723 0.151406 1
9 -0.105427 -0.115158 -0.97753 0.249284 0.149558 1
9.01 -0.102934 -0.112534 -0.978728 0.249247 0.262493 1
9.02 -0.100442 -0.109908 -0.979913 0.24921 0.262649 1
9.03 -0.0979502 -0.107281 -0.981083 0.249174 0.262805 1
9.04 -0.0954586 -0.104652 -0.98224 0.249137 0.26296 1
9.05 -0.0929675 -0.102022 -0.983382 0.249101 0.263116 1
9.06 -0.0904766 -0.09939 -0.984508 0.249064 0.263272 1
9.07 -0.0879862 -0.0967565 -0.985619 0.249028 0.263427 1
9.08 -0.0854961 -0.0941214 -0.986714 0.248991 0.263583 1
9.09 -0.0830063 -0.0914848 -0.987793 0.248955 0.263739 1
9.1 -0.080517 -0.0888467 -0.988854 0.248918 0.263895 1
9.11 -0.078028 -0.0862069 -0.989899 0.248882 0.26405 1
9.12 -0.0755393 -0.0835657 -0.990925 0.248845 0.264206 1
9.13 -0.0730511 -0.0809228 -0.991933 0.248809 0.264362 1
9.14 -0.0705632 -0.0782784 -0.992922 0.248772 0.264518 1
9.15 -0.0680756 -0.0756325 -0.993892 0.248736 0.264673 1
9.16 -0.0655885 -0.072985 -0.994843 0.248699 0.264829 1
9.17 -0.0631017 -0.0703359 -0.995773 0.248662 0.264985 1
9.18 -0.0606152 -0.0676853 -0.996683 0.248626 0.26514 1
9.19 -0.0581291 -0.0650331 -0.997572 0.248589 0.265296 1
9.2 -0.0556434 -0.0623793 -0.99844 0.248553 0.265452 1
9.21 -0.0531581 -0.059724 -0.999285 0.248516 0.265608 1
9.22 -0.0506731 -0.0570672 -1.00011 0.24848 0.265763 1
9.23 -0.0481885 -0.0544088 -1.00091 0.248443 0.265919 1
9.24 -0.0457042 -0.0517488 -1.00169 0.248407 0.266075 1
9.25 -0.0432203 -0.0490873 -1.00244 0.24837 0.266231 1
9.26 -0.0407368 -0.0464242 -1.00317 0.248334 0.266386 1
9.27 -0.0382537 -0.0437596 -1.00388 0.248297 0.266542 1
9.28 -0.0357709 -0.0410934 -1.00456 0.248261 0.266698 1
9.29 -0.0332885 -0.0384256 -1.00521 0.248224 0.266853 1
9.3 -0.0308064 -0.0357563 -1.00584 0.248188 0.267009 1
9.31 -0.0283247 -0.0330854 -1.00644 0.248151 0.267165 1
9.32 -0.0258434 -0.030413 -1.00702 0.248115 0.267321 1
9.33 -0.0233624 -0.027739 -1.00757 0.248078 0.267476 1
9.34 -0.0208818 -0.0250635 -1.00809 0.248041 0.267632 1
9.35 -0.0184016 -0.0223864 -1.00858 0.248005 0.267788 1
9.36 -0.0159217 -0.0197077 -1.00904 0.247968 0.267943 1
9.37 -0.0134422 -0.0170275 -1.00948 0.247932 0.268099 1
9.38 -0.0109631 -0.0143457 -1.00988 0.247895 0.268255 1
9.39 -0.00848431 -0.0116624 -1.01026 0.247859 0.268411 1
9.4 -0.00600591 -0.00897751 -1.01061 0.247822 0.268566 1
9.41 -0.00352787 -0.00629107 -1.01092 0.247786 0.268722 1
9.42 -0.00105019 -0.00360307 -1.0112 0.247749 0.268878 1
9.43 0.00142712 -0.000913509 -1.01146 0.247713 0.269034 1
9.44 0.00390406 0.00177761 -1.01168 0.247676 0.269189 1
9.45 0.00638064 0.00447028 -1.01186 0.24764 0.269345 1
9.46 0.00885685 0.00716451 -1.01202 0.247603 0.269501 1
9.47 0.0113327 0.00986029 -1.01214 0.247567 0.269656 1
9.48 0.0138082 0.0125576 -1.01222 0.24753 0.269812 1
9.49 0.0162833 0.0152565 -1.01228 0.247493 0.269968 1
9.5 0.0187581 0.017957 -1.01229 0.247457 0.270124 1
9.51 0.0212324 0.020659 -1.01228 0.24742 0.270279 1
9.52 0.0237065 0.0233626 -1.01222 0.247384 0.270435 1
9.53 0.0261801 0.0260677 -1.01213 0.247347 0.270591 1
9.54 0.0286534 0.0287744 -1.01201 0.247311 0.270747 1
9.55 0.0311263 0.0314826 -1.01184 0.247274 0.270902 1
9.56 0.0335989 0.0341924 -1.01164 0.247238 0.271058 1
9.57 0.0360711 0.0369038 -1.01141 0.247201 0.271214 1
9.58 0.0385429 0.0396167 -1.01113 0.247165 0.271369 1
9.59 0.0410144 0.0423312 -1.01081 0.247128 0.271525 1
9.6 0.0434855 0.0450472 -1.01046 0.247092 0.271681 1
9.61 0.0459562 0.0477648 -1.01006 0.247055 0.271837 1
9.62 0.0484266 0.0504839 -1.00963 0.247019 0.271992 1
9.63 0.0508966 0.0532047 -1.00915 0.246982 0.272148 1
9.64 0.0533662 0.0559269 -1.00864 0.246946 0.272304 1
9.65 0.0558355 0.0586507 -1.00808 0.246909 0.272459 1
9.66 0.0583044 0.0613761 -1.00748 0.246872 0.272615 1
9.67 0.060773 0.064103 -1.00683 0.246836 0.272771 1
9.68 0.0632411 0.0668315 -1.00615 0.246799 0.272927 1
9.69 0.0657089 0.0695616 -1.00542 0.246763 0.273082 1
9.7 0.0681764 0.0722932 -1.00465 0.246726 0.273238 1
9.71 0.0706435 0.0750263 -1.00383 0.24669 0.273394 1
9.72 0.0731102 0.077761 -1.00297 0.246653 0.27355 1
9.73 0.0755765 0.0804973 -1.00206 0.246617 0.273705 1
9.74 0.0780425 0.0832351 -1.00111 0.24658 0.273861 1
9.75 0.0805081 0.0859745 -1.00011 0.246544 0.274017 1
9.76 0.0829734 0.0887155 -0.999071 0.246507 0.274172 1
9.77 0.0854383 0.091458 -0.99798 0.246471 0.274328 1
9.78 0.0879028 0.094202 -0.996841 0.246434 0.274484 1
9.79 0.090367 0.0969477 -0.995655 0.246398 0.27464 1
9.8 0.0928308 0.0996948 -0.994421 0.246361 0.274795 1
9.81 0.0952942 0.102444 -0.993138 0.246325 0.274951 1
9.82 0.0977572 0.105194 -0.991806 0.246288 0.275107 1
9.83 0.10022 0.107946 -0.990424 0.246251 0.275263 1
9.84 0.102682 0.110699 -0.988993 0.246215 0.275418 1
9.85 0.105144 0.113454 -0.987511 0.246178 0.275574 1
9.86 0.107606 0.116211 -0.985978 0.246142 0.27573 1
9.87 0.110067 0.118969 -0.984393 0.246105 0.275885 1
9.88 0.112528 0.121728 -0.982757 0.246069 0.276041 1
9.89 0.114988 0.124489 -0.981069 0.246032 0.276197 1
9.9 0.117449 0.127252 -0.979328 0.245996 0.276353 1
9.91 0.119908 0.130017 -0.977534 0.245959 0.276508 1
9.92 0.122368 0.132782 -0.975687 0.245923 0.276664 1
9.93 0.124827 0.13555 -0.973785 0.245886 0.27682 1
9.94 0.127285 0.138319 -0.971829 0.24585 0.276975 1
9.95 0.129744 0.141089 -0.969818 0.245813 0.277131 1
9.96 0.132202 0.143861 -0.967752 0.245777 0.277287 1
9.97 0.134659 0.146635 -0.96563 0.24574 0.277443 1
9.98 0.137117 0.14941 -0.963451 0.245703 0.277598 1
9.99 0.139573 0.152187 -0.961216 0.245667 0.277754 1
10 0.14203 0.154965 -0.958924 0.24563 0.27791 1
10.01 0.144483 0.156237 -0.957438 0.244943 0.128267 1
10.02 0.146929 0.157531 -0.95613 0.244255 0.130388 1
10.03 0.149368 0.158845 -0.954993 0.243567 0.132508 1
10.04 0.1518 0.160181 -0.954021 0.24288 0.134629 1
10.05 0.154225 0.161538 -0.953209 0.242192 0.13675 1
10.06 0.156644 0.162916 -0.95255 0.241504 0.138871 1
10.07 0.159056 0.164315 -0.952038 0.240817 0.140991 1
10.08 0.16146 0.165736 -0.951666 0.240129 0.143112 1
10.09 0.163858 0.167177 -0.95143 0.239441 0.145233 1
10.1 0.166249 0.16864 -0.951323 0.238754 0.147353 1
10.11 0.168633 0.170124 -0.951338 0.238066 0.149474 1
10.12 0.17101 0.17163 -0.95147 0.237378 0.151595 1
10.13 0.173381 0.173156 -0.951712 0.236691 0.153716 1
10.14 0.175744 0.174704 -0.952059 0.236003 0.155836 1
10.15 0.178101 0.176273 -0.952505 0.235315 0.157957 1
10.16 0.180451 0.177863 -0.953043 0.234628 0.160078 1
10.17 0.182793 0.179475 -0.953667 0.23394 0.162199 1
10.18 0.185129 0.181107 -0.954371 0.233252 0.164319 1
10.19 0.187458 0.182761 -0.95515 0.232565 0.16644 1
10.2 0.189781 0.184436 -0.955996 0.231877 0.168561 1
10.21 0.192096 0.186132 -0.956904 0.231189 0.170681 1
10.22 0.194404 0.18785 -0.957869 0.230502 0.172802 1
10.23 0.196706 0.189588 -0.958883 0.229814 0.174923 1
10.24 0.199001 0.191348 -0.95994 0.229126 0.177044 1
10.25 0.201289 0.193129 -0.961035 0.228439 0.179164 1
10.26 0.203569 0.194931 -0.962162 0.227751 0.181285 1
10.27 0.205844 0.196755 -0.963315 0.227063 0.183406 1
10.28 0.208111 0.1986 -0.964486 0.226376 0.185527 1
10.29 0.210371 0.200465 -0.965671 0.225688 0.187647 1
10.3 0.212625 0.202352 -0.966863 0.225 0.189768 1
10.31 0.214871 0.204261 -0.968057 0.224313 0.191889 1
10.32 0.217111 0.20619 -0.969245 0.223625 0.19401 1
10.33 0.219344 0.208141 -0.970422 0.222937 0.19613 1
10.34 0.22157 0.210113 -0.971582 0.22225 0.198251 1
10.35 0.223789 0.212106 -0.972719 0.221562 0.200372 1
10.36 0.226001 0.21412 -0.973827 0.220874 0.202492 1
10.37 0.228206 0.216156 -0.974899 0.220187 0.204613 1
10.38 0.230404 0.218213 -0.97593 0.219499 0.206734 1
10.39 0.232596 0.220291 -0.976913 0.218811 0.208855 1
10.4 0.234781 0.22239 -0.977843 0.218124 0.210975 1
10.41 0.236959 0.22451 -0.978713 0.217436 0.213096 1
10.42 0.239129 0.226652 -0.979518 0.216748 0.215217 1
10.43 0.241293 0.228814 -0.98025 0.216061 0.217338 1
10.44 0.243451 0.230998 -0.980904 0.215373 0.219458 1
10.45 0.245601 0.233204 -0.981475 0.214685 0.221579 1
10.46 0.247744 0.23543 -0.981955 0.213998 0.2237 1
10.47 0.249881 0.237678 -0.98234 0.21331 0.225821 1
10.48 0.252011 0.239946 -0.982622 0.212622 0.227941 1
10.49 0.254133 0.242236 -0.982795 0.211935 0.230062 1
10.5 0.256249 0.244548 -0.982855 0.211247 0.232183 1
10.51 0.258358 0.24688 -0.982793 0.210559 0.234303 1
10.52 0.26046 0.249234 -0.982605 0.209872 0.236424 1
10.53 0.262556 0.251608 -0.982285 0.209184 0.238545 1
10.54 0.264644 0.254005 -0.981826 0.208496 0.240666 1
10.55 0.266726 0.256422 -0.981222 0.207809 0.242786 1
10.56 0.2688 0.25886 -0.980467 0.207121 0.244907 1
10.57 0.270868 0.26132 -0.979555 0.206433 0.247028 1
10.58 0.272929 0.263801 -0.97848 0.205746 0.249149 1
10.59 0.274983 0.266303 -0.977235 0.205058 0.251269 1
10.6 0.27703 0.268826 -0.975816 0.20437 0.25339 1
10.61 0.27907 0.271371 -0.974215 0.203683 0.255511 1
10.62 0.281104 0.273936 -0.972427 0.202995 0.257631 1
10.63 0.28313 0.276523 -0.970446 0.202307 0.259752 1
10.64 0.28515 0.279131 -0.968265 0.20162 0.261873 1
10.65 0.287163 0.281761 -0.965878 0.200932 0.263994 1
10.66 0.289169 0.284411 -0.963279 0.200244 0.266114 1
10.67 0.291168 0.287083 -0.960463 0.199557 0.268235 1
10.68 0.29316 0.289776 -0.957423 0.198869 0.270356 1
10.69 0.295145 0.29249 -0.954153 0.198181 0.272477 1
10.7 0.297123 0.295226 -0.950647 0.197494 0.274597 1
10.71 0.299095 0.297982 -0.946898 0.196806 0.276718 1
10.72 0.301059 0.30076 -0.942902 0.196118 0.278839 1
10.73 0.303017 0.303559 -0.938651 0.195431 0.28096 1
10.74 0.304968 0.306379 -0.93414 0.194743 0.28308 1
10.75 0.306912 0.309221 -0.929362 0.194055 0.285201 1
10.76 0.308849 0.312083 -0.924312 0.193368 0.287322 1
10.77 0.310779 0.314967 -0.918984 0.19268 0.289442 1
10.78 0.312703 0.317872 -0.91337 0.191992 0.291563 1
10.79 0.314619 0.320798 -0.907466 0.191305 0.293684 1
10.8 0.316529 0.323746 -0.901265 0.190617 0.295805 1
10.81 0.318432 0.326714 -0.894761 0.189929 0.297925 1
10.82 0.320327 0.329704 -0.887948 0.189242 0.300046 1
10.83 0.322216 0.332715 -0.88082 0.188554 0.302167 1
10.84 0.324098 0.335748 -0.873371 0.187866 0.304288 1
10.85 0.325974 0.338801 -0.865594 0.187179 0.306408 1
10.86 0.327842 0.341876 -0.857484 0.186491 0.308529 1
10.87 0.329704 0.344972 -0.849035 0.185803 0.31065 1
10.88 0.331558 0.348089 -0.84024 0.185115 0.31277 1
10.89 0.333406 0.351227 -0.831094 0.184428 0.314891 1
10.9 0.335247 0.354387 -0.82159 0.18374 0.317012 1
10.91 0.337081 0.357567 -0.811722 0.183052 0.319133 1
10.92 0.338908 0.360769 -0.801485 0.182365 0.321253 1
10.93 0.340728 0.363992 -0.790871 0.181677 0.323374 1
10.94 0.342541 0.367237 -0.779876 0.180989 0.325495 1
10.95 0.344348 0.370502 -0.768492 0.180302 0.327616 1
10.96 0.346147 0.373789 -0.756714 0.179614 0.329736 1
10.97 0.34794 0.377097 -0.744536 0.178926 0.331857 1
10.98 0.349726 0.380426 -0.731952 0.178239 0.333978 1
10.99 0.351505 0.383776 -0.718955 0.177551 0.336099 1
11 0.353277 0.387148 -0.70554 0.176863 0.338219 1
11.01 0.355041 0.387663 -0.70221 0.175928 0.0518621 1
11.02 0.356795 0.388185 -0.699196 0.174993 0.0526691 1
11.03 0.358541 0.388716 -0.696486 0.174058 0.053476 1
11.04 0.360277 0.389255 -0.694071 0.173123 0.054283 1
11.05 0.362003 0.389802 -0.691941 0.172188 0.0550899 1
11.06 0.36372 0.390357 -0.690085 0.171253 0.0558969 1
11.07 0.365428 0.39092 -0.688493 0.170318 0.0567038 1
11.08 0.367127 0.391491 -0.687155 0.169383 0.0575108 1
11.09 0.368816 0.39207 -0.686061 0.168448 0.0583177 1
11.1 0.370496 0.392657 -0.6852 0.167513 0.0591247 1
11.11 0.372166 0.393252 -0.684563 0.166578 0.0599316 1
11.12 0.373827 0.393856 -0.684138 0.165643 0.0607386 1
11.13 0.375479 0.394467 -0.683916 0.164708 0.0615455 1
11.14 0.377121 0.395087 -0.683887 0.163773 0.0623525 1
11.15 0.378754 0.395714 -0.68404 0.162838 0.0631594 1
11.16 0.380378 0.39635 -0.684365 0.161903 0.0639664 1
11.17 0.381993 0.396993 -0.684852 0.160968 0.0647733 1
11.18 0.383598 0.397645 -0.685491 0.160033 0.0655803 1
11.19 0.385193 0.398305 -0.686271 0.159098 0.0663872 1
11.2 0.386779 0.398973 -0.687183 0.158163 0.0671942 1
11.21 0.388356 0.399649 -0.688215 0.157228 0.0680011 1
11.22 0.389924 0.400333 -0.689358 0.156293 0.0688081 1
11.23 0.391482 0.401025 -0.690601 0.155358 0.069615 1
11.24 0.393031 0.401725 -0.691935 0.154423 0.070422 1
11.25 0.394571 0.402434 -0.693349 0.153488 0.0712289 1
11.26 0.396101 0.40315 -0.694832 0.152553 0.0720359 1
11.27 0.397622 0.403874 -0.696376 0.151618 0.0728428 1
11.28 0.399133 0.404607 -0.697968 0.150683 0.0736498 1
11.29 0.400635 0.405347 -0.6996 0.149748 0.0744567 1
11.3 0.402128 0.406096 -0.701261 0.148813 0.0752637 1
11.31 0.403612 0.406853 -0.70294 0.147878 0.0760706 1
11.32 0.405086 0.407617 -0.704628 0.146943 0.0768776 1
11.33 0.406551 0.40839 -0.706314 0.146008 0.0776845 1
11.34 0.408006 0.409171 -0.707988 0.145073 0.0784915 1
11.35 0.409452 0.40996 -0.709639 0.144138 0.0792984 1
11.36 0.410889 0.410757 -0.711259 0.143203 0.0801054 1
11.37 0.412316 0.411562 -0.712835 0.142268 0.0809123 1
11.38 0.413734 0.412375 -0.714359 0.141333 0.0817193 1
11.39 0.415143 0.413196 -0.71582 0.140398 0.0825262 1
11.4 0.416542 0.414026 -0.717207 0.139462 0.0833332 1
11.41 0.417932 0.414863 -0.718511 0.138527 0.0841401 1
11.42 0.419313 0.415709 -0.719721 0.137592 0.0849471 1
11.43 0.420684 0.416562 -0.720827 0.136657 0.085754 1
11.44 0.422046 0.417424 -0.721818 0.135722 0.086561 1
11.45 0.423398 0.418293 -0.722685 0.134787 0.0873679 1
11.46 0.424741 0.419171 -0.723418 0.133852 0.0881749 1
11.47 0.426075 0.420057 -0.724005 0.132917 0.0889819 1
11.48 0.4274 0.420951 -0.724437 0.131982 0.0897888 1
11.49 0.428715 0.421853 -0.724704 0.131047 0.0905958 1
11.5 0.430021 0.422763 -0.724795 0.130112 0.0914027 1
11.51 0.431317 0.423681 -0.724701 0.129177 0.0922097 1
11.52 0.432604 0.424607 -0.72441 0.128242 0.0930166 1
11.53 0.433882 0.425541 -0.723913 0.127307 0.0938236 1
11.54 0.43515 0.426483 -0.723199 0.126372 0.0946305 1
11.55 0.436409 0.427434 -0.722259 0.125437 0.0954375 1
11.56 0.437659 0.428392 -0.721082 0.124502 0.0962444 1
11.57 0.4389 0.429358 -0.719657 0.123567 0.0970514 1
11.58 0.440131 0.430333 -0.717975 0.122632 0.0978583 1
11.59 0.441352 0.431316 -0.716026 0.121697 0.0986653 1
11.6 0.442564 0.432306 -0.713798 0.120762 0.0994722 1
11.61 0.443767 0.433305 -0.711282 0.119827 0.100279 1
11.62 0.444961 0.434312 -0.708468 0.118892 0.101086 1
11.63 0.446145 0.435327 -0.705346 0.117957 0.101893 1
11.64 0.44732 0.43635 -0.701904 0.117022 0.1027 1
11.65 0.448486 0.437381 -0.698134 0.116087 0.103507 1
11.66 0.449642 0.43842 -0.694024 0.115152 0.104314 1
11.67 0.450789 0.439467 -0.689565 0.114217 0.105121 1
11.68 0.451926 0.440522 -0.684746 0.113282 0.105928 1
11.69 0.453054 0.441586 -0.679558 0.112347 0.106735 1
11.7 0.454173 0.442657 -0.673989 0.111412 0.107542 1
11.71 0.455283 0.443736 -0.668029 0.110477 0.108349 1
11.72 0.456383 0.444824 -0.661669 0.109542 0.109156 1
11.73 0.457473 0.44592 -0.654898 0.108607 0.109963 1
11.74 0.458555 0.447023 -0.647706 0.107672 0.11077 1
11.75 0.459627 0.448135 -0.640083 0.106737 0.111576 1
11.76 0.46069 0.449255 -0.632018 0.105802 0.112383 1
11.77 0.461743 0.450383 -0.623502 0.104867 0.11319 1
11.78 0.462787 0.451519 -0.614523 0.103932 0.113997 1
11.79 0.463822 0.452663 -0.605073 0.102997 0.114804 1
11.8 0.464847 0.453815 -0.59514 0.102062 0.115611 1
11.81 0.465863 0.454975 -0.584714 0.101126 0.116418 1
11.82 0.466869 0.456143 -0.573785 0.100191 0.117225 1
11.83 0.467867 0.457319 -0.562343 0.0992564 0.118032 1
11.84 0.468854 0.458504 -0.550378 0.0983214 0.118839 1
11.85 0.469833 0.459696 -0.537879 0.0973864 0.119646 1
11.86 0.470802 0.460897 -0.524837 0.0964514 0.120453 1
11.87 0.471762 0.462105 -0.51124 0.0955163 0.12126 1
11.88 0.472713 0.463322 -0.497079 0.0945813 0.122067 1
11.89 0.473654 0.464546 -0.482344 0.0936463 0.122874 1
11.9 0.474585 0.465779 -0.467024 0.0927113 0.123681 1
11.91 0.475508 0.46702 -0.451109 0.0917762 0.124488 1
11.92 0.476421 0.468269 -0.434589 0.0908412 0.125295 1
11.93 0.477325 0.469526 -0.417454 0.0899062 0.126102 1
11.94 0.478219 0.470791 -0.399693 0.0889712 0.126909 1
11.95 0.479104 0.472064 -0.381296 0.0880361 0.127715 1
11.96 0.47998 0.473345 -0.362253 0.0871011 0.128522 1
11.97 0.480846 0.474635 -0.342553 0.0861661 0.129329 1
11.98 0.481703 0.475932 -0.322188 0.0852311 0.130136 1
11.99 0.482551 0.477237 -0.301145 0.084296 0.130943 1
12 0.483389 0.478551 -0.279415 0.083361 0.13175 1
12.01 0.484214 0.479704 -0.274581 0.081529 0.114069 1
12.02 0.48502 0.480832 -0.270131 0.0796969 0.111529 1
12.03 0.485807 0.481935 -0.266056 0.0778649 0.10899 1
12.04 0.486577 0.483012 -0.262342 0.0760328 0.106451 1
12.05 0.487328 0.484064 -0.258978 0.0742008 0.103912 1
12.06 0.488061 0.48509 -0.255952 0.0723687 0.101373 1
12.07 0.488775 0.486091 -0.253252 0.0705367 0.0988337 1
12.08 0.489472 0.487067 -0.250866 0.0687046 0.0962946 1
12.09 0.49015 0.488017 -0.248783 0.0668726 0.0937554 1
12.1 0.490809 0.488942 -0.24699 0.0650406 0.0912163 1
12.11 0.49145 0.489841 -0.245476 0.0632085 0.0886771 1
12.12 0.492073 0.490716 -0.244229 0.0613765 0.086138 1
12.13 0.492678 0.491564 -0.243237 0.0595444 0.0835988 1
12.14 0.493264 0.492387 -0.242488 0.0577124 0.0810597 1
12.15 0.493832 0.493185 -0.241969 0.0558803 0.0785205 1
12.16 0.494382 0.493958 -0.241671 0.0540483 0.0759814 1
12.17 0.494913 0.494705 -0.241579 0.0522162 0.0734422 1
12.18 0.495426 0.495427 -0.241684 0.0503842 0.0709031 1
12.19 0.495921 0.496123 -0.241972 0.0485521 0.0683639 1
12.2 0.496397 0.496794 -0.242431 0.0467201 0.0658248 1
12.21 0.496855 0.49744 -0.243051 0.0448881 0.0632856 1
12.22 0.497295 0.49806 -0.243819 0.043056 0.0607465 1
12.23 0.497716 0.498654 -0.244723 0.041224 0.0582073 1
12.24 0.498119 0.499224 -0.245752 0.0393919 0.0556682 1
12.25 0.498504 0.499768 -0.246893 0.0375599 0.053129 1
12.26 0.498871 0.500286 -0.248134 0.0357278 0.0505899 1
12.27 0.499219 0.50078 -0.249465 0.0338958 0.0480507 1
12.28 0.499549 0.501247 -0.250872 0.0320637 0.0455116 1
12.29 0.49986 0.50169 -0.252344 0.0302317 0.0429724 1
12.3 0.500153 0.502107 -0.25387 0.0283996 0.0404333 1
12.31 0.500428 0.502499 -0.255437 0.0265676 0.0378941 1
12.32 0.500685 0.502865 -0.257033 0.0247355 0.035355 1
12.33 0.500923 0.503206 -0.258646 0.0229035 0.0328158 1
12.34 0.501143 0.503521 -0.260266 0.0210715 0.0302767 1
12.35 0.501344 0.503811 -0.261879 0.0192394 0.0277375 1
12.36 0.501527 0.504076 -0.263474 0.0174074 0.0251984 1
12.37 0.501692 0.504315 -0.265039 0.0155753 0.0226592 1
12.38 0.501839 0.504529 -0.266563 0.0137433 0.0201201 1
12.39 0.501967 0.504718 -0.268033 0.0119112 0.0175809 1
12.4 0.502077 0.504881 -0.269437 0.0100792 0.0150418 1
12.41 0.502169 0.505018 -0.270764 0.00824714 0.0125026 1
12.42 0.502242 0.505131 -0.272001 0.00641509 0.00996348 1
12.43 0.502297 0.505218 -0.273137 0.00458304 0.00742433 1
12.44 0.502334 0.505279 -0.274161 0.002751 0.00488518 1
12.45 0.502352 0.505315 -0.275059 0.000918953 0.00234603 1
12.46 0.502352 0.505326 -0.275821 -0.000913093 -0.000193116 1
12.47 0.502334 0.505312 -0.276434 -0.00274514 -0.00273227 1
12.48 0.502297 0.505271 -0.276887 -0.00457718 -0.00527142 1
12.49 0.502242 0.505206 -0.277167 -0.00640923 -0.00781057 1
12.5 0.502169 0.505115 -0.277263 -0.00824128 -0.0103497 1
12.51 0.502077 0.504999 -0.277163 -0.0100733 -0.0128889 1
12.52 0.501968 0.504857 -0.276855 -0.0119054 -0.015428 1
12.53 0.501839 0.504691 -0.276327 -0.0137374 -0.0179672 1
12.54 0.501693 0.504498 -0.275568 -0.0155695 -0.0205063 1
12.55 0.501528 0.50428 -0.274565 -0.0174015 -0.0230455 1
12.56 0.501345 0.504037 -0.273306 -0.0192336 -0.0255846 1
12.57 0.501143 0.503769 -0.27178 -0.0210656 -0.0281238 1
12.58 0.500923 0.503475 -0.269975 -0.0228976 -0.0306629 1
12.59 0.500685 0.503155 -0.267879 -0.0247297 -0.0332021 1
12.6 0.500429 0.502811 -0.26548 -0.0265617 -0.0357412 1
12.61 0.500154 0.502441 -0.262767 -0.0283938 -0.0382804 1
12.62 0.499861 0.502045 -0.259726 -0.0302258 -0.0408195 1
12.63 0.49955 0.501624 -0.256347 -0.0320579 -0.0433587 1
12.64 0.49922 0.501178 -0.252618 -0.0338899 -0.0458978 1
12.65 0.498872 0.500706 -0.248527 -0.035722 -0.048437 1
12.66 0.498505 0.500209 -0.244061 -0.037554 -0.0509761 1
12.67 0.498121 0.499687 -0.239209 -0.0393861 -0.0535153 1
12.68 0.497718 0.499139 -0.23396 -0.0412181 -0.0560544 1
12.69 0.497296 0.498566 -0.2283 -0.0430501 -0.0585936 1
12.7 0.496857 0.497967 -0.22222 -0.0448822 -0.0611327 1
12.71 0.496399 0.497343 -0.215705 -0.0467142 -0.0636719 1
12.72 0.495922 0.496694 -0.208746 -0.0485463 -0.066211 1
12.73 0.495428 0.496019 -0.201329 -0.0503783 -0.0687502 1
12.74 0.494915 0.495319 -0.193443 -0.0522104 -0.0712893 1
12.75 0.494384 0.494593 -0.185076 -0.0540424 -0.0738285 1
12.76 0.493834 0.493842 -0.176216 -0.0558745 -0.0763676 1
12.77 0.493266 0.493066 -0.166852 -0.0577065 -0.0789068 1
12.78 0.49268 0.492264 -0.156971 -0.0595386 -0.0814459 1
12.79 0.492075 0.491437 -0.146561 -0.0613706 -0.0839851 1
12.8 0.491452 0.490584 -0.135612 -0.0632027 -0.0865242 1
12.81 0.490811 0.489706 -0.12411 -0.0650347 -0.0890634 1
12.82 0.490152 0.488803 -0.112044 -0.0668667 -0.0916025 1
12.83 0.489474 0.487874 -0.0994024 -0.0686988 -0.0941417 1
12.84 0.488778 0.48692 -0.0861729 -0.0705308 -0.0966808 1
12.85 0.488063 0.485941 -0.0723438 -0.0723629 -0.09922 1
12.86 0.48733 0.484936 -0.0579032 -0.0741949 -0.101759 1
12.87 0.486579 0.483905 -0.0428391 -0.076027 -0.104298 1
12.88 0.48581 0.48285 -0.0271399 -0.077859 -0.106837 1
12.89 0.485022 0.481769 -0.0107936 -0.0796911 -0.109377 1
12.9 0.484216 0.480662 0.00621178 -0.0815231 -0.111916 1
12.91 0.483392 0.47953 0.023888 -0.0833552 -0.114455 1
12.92 0.482549 0.478373 0.0422468 -0.0851872 -0.116994 1
12.93 0.481688 0.47719 0.0613003 -0.0870192 -0.119533 1
12.94 0.480809 0.475982 0.0810602 -0.0888513 -0.122072 1
12.95 0.479911 0.474749 0.101538 -0.0906833 -0.124611 1
12.96 0.478995 0.47349 0.122747 -0.0925154 -0.127151 1
12.97 0.478061 0.472206 0.144697 -0.0943474 -0.12969 1
12.98 0.477108 0.470896 0.167402 -0.0961795 -0.132229 1
12.99 0.476137 0.469561 0.190872 -0.0980115 -0.134768 1
13 0.475148 0.468201 0.21512 -0.0998436 -0.137307 1
13.01 0.474154 0.467156 0.219839 -0.0988451 -0.103758 1
13.02 0.473171 0.466126 0.224284 -0.0978467 -0.102178 1
13.03 0.472197 0.465112 0.228462 -0.0968483 -0.100598 1
13.04 0.471234 0.464114 0.232383 -0.0958498 -0.0990175 1
13.05 0.47028 0.463132 0.236053 -0.0948514 -0.0974374 1
13.06 0.469337 0.462165 0.239482 -0.093853 -0.0958574 1
13.07 0.468403 0.461215 0.242677 -0.0928545 -0.0942773 1
13.08 0.46748 0.46028 0.245648 -0.0918561 -0.0926972 1
13.09 0.466566 0.459361 0.248401 -0.0908576 -0.0911172 1
13.1 0.465663 0.458457 0.250945 -0.0898592 -0.0895371 1
13.11 0.464769 0.45757 0.253289 -0.0888608 -0.087957 1
13.12 0.463885 0.456698 0.25544 -0.0878623 -0.086377 1
13.13 0.463012 0.455842 0.257408 -0.0868639 -0.0847969 1
13.14 0.462148 0.455002 0.259199 -0.0858655 -0.0832168 1
13.15 0.461295 0.454178 0.260823 -0.084867 -0.0816368 1
13.16 0.460451 0.453369 0.262287 -0.0838686 -0.0800567 1
13.17 0.459617 0.452577 0.2636 -0.0828702 -0.0784766 1
13.18 0.458793 0.4518 0.26477 -0.0818717 -0.0768966 1
13.19 0.45798 0.451039 0.265805 -0.0808733 -0.0753165 1
13.2 0.457176 0.450294 0.266714 -0.0798749 -0.0737364 1
13.21 0.456382 0.449564 0.267504 -0.0788764 -0.0721564 1
13.22 0.455598 0.448851 0.268184 -0.077878 -0.0705763 1
13.23 0.454825 0.448153 0.268762 -0.0768795 -0.0689962 1
13.24 0.454061 0.447471 0.269246 -0.0758811 -0.0674162 1
13.25 0.453307 0.446804 0.269645 -0.0748827 -0.0658361 1
13.26 0.452563 0.446154 0.269967 -0.0738842 -0.064256 1
13.27 0.451829 0.445519 0.270219 -0.0728858 -0.062676 1
13.28 0.451105 0.4449 0.270411 -0.0718874 -0.0610959 1
13.29 0.450392 0.444297 0.270549 -0.0708889 -0.0595158 1
13.3 0.449688 0.44371 0.270644 -0.0698905 -0.0579358 1
13.31 0.448994 0.443139 0.270702 -0.0688921 -0.0563557 1
13.32 0.44831 0.442583 0.270733 -0.0678936 -0.0547756 1
13.33 0.447636 0.442043 0.270743 -0.0668952 -0.0531956 1
13.34 0.446972 0.441519 0.270742 -0.0658968 -0.0516155 1
13.35 0.446318 0.441011 0.270738 -0.0648983 -0.0500354 1
13.36 0.445674 0.440518 0.270738 -0.0638999 -0.0484554 1
13.37 0.44504 0.440042 0.270752 -0.0629014 -0.0468753 1
13.38 0.444416 0.439581 0.270787 -0.061903 -0.0452952 1
13.39 0.443802 0.439136 0.270851 -0.0609046 -0.0437152 1
13.4 0.443198 0.438706 0.270954 -0.0599061 -0.0421351 1
13.41 0.442604 0.438293 0.271102 -0.0589077 -0.040555 1
13.42 0.44202 0.437895 0.271304 -0.0579093 -0.038975 1
13.43 0.441446 0.437514 0.271569 -0.0569108 -0.0373949 1
13.44 0.440881 0.437147 0.271905 -0.0559124 -0.0358148 1
13.45 0.440327 0.436797 0.272319 -0.054914 -0.0342348 1
13.46 0.439783 0.436463 0.27282 -0.0539155 -0.0326547 1
13.47 0.439249 0.436144 0.273417 -0.0529171 -0.0310746 1
13.48 0.438725 0.435841 0.274117 -0.0519187 -0.0294946 1
13.49 0.438211 0.435554 0.274929 -0.0509202 -0.0279145 1
13.5 0.437706 0.435283 0.275861 -0.0499218 -0.0263344 1
13.51 0.437212 0.435028 0.276921 -0.0489233 -0.0247544 1
13.52 0.436728 0.434788 0.278117 -0.0479249 -0.0231743 1
13.53 0.436254 0.434564 0.279458 -0.0469265 -0.0215942 1
13.54 0.435789 0.434356 0.280952 -0.045928 -0.0200142 1
13.55 0.435335 0.434164 0.282606 -0.0449296 -0.0184341 1
13.56 0.434891 0.433987 0.28443 -0.0439312 -0.016854 1
13.57 0.434457 0.433827 0.286432 -0.0429327 -0.015274 1
13.58 0.434032 0.433682 0.288619 -0.0419343 -0.0136939 1
13.59 0.433618 0.433553 0.291 -0.0409359 -0.0121138 1
13.6 0.433214 0.43344 0.293583 -0.0399374 -0.0105338 1
13.61 0.432819 0.433342 0.296377 -0.038939 -0.00895371 1
13.62 0.432435 0.433261 0.299389 -0.0379406 -0.00737364 1
13.63 0.43206 0.433195 0.302628 -0.0369421 -0.00579358 1
13.64 0.431696 0.433145 0.306101 -0.0359437 -0.00421351 1
13.65 0.431341 0.43311 0.309818 -0.0349452 -0.00263344 1
13.66 0.430997 0.433092 0.313787 -0.0339468 -0.00105338 1
13.67 0.430662 0.433089 0.318015 -0.0329484 0.000526689 1
13.68 0.430338 0.433103 0.322511 -0.0319499 0.00210676 1
13.69 0.430023 0.433131 0.327283 -0.0309515 0.00368682 1
13.7 0.429719 0.433176 0.332339 -0.0299531 0.00526689 1
13.71 0.429424 0.433237 0.337688 -0.0289546 0.00684695 1
13.72 0.42914 0.433313 0.343338 -0.0279562 0.00842702 1
13.73 0.428865 0.433405 0.349296 -0.0269578 0.0100071 1
13.74 0.428601 0.433513 0.355572 -0.0259593 0.0115872 1
13.75 0.428346 0.433637 0.362173 -0.0249609 0.0131672 1
13.76 0.428102 0.433777 0.369107 -0.0239625 0.0147473 1
13.77 0.427867 0.433932 0.376384 -0.022964 0.0163274 1
13.78 0.427642 0.434103 0.38401 -0.0219656 0.0179074 1
13.79 0.427428 0.43429 0.391995 -0.0209671 0.0194875 1
13.8 0.427223 0.434493 0.400346 -0.0199687 0.0210676 1
13.81 0.427028 0.434712 0.409072 -0.0189703 0.0226476 1
13.82 0.426843 0.434946 0.418181 -0.0179718 0.0242277 1
13.83 0.426669 0.435196 0.427681 -0.0169734 0.0258077 1
13.84 0.426504 0.435462 0.43758 -0.015975 0.0273878 1
13.85 0.426349 0.435744 0.447887 -0.0149765 0.0289679 1
13.86 0.426204 0.436041 0.45861 -0.0139781 0.0305479 1
13.87 0.42607 0.436355 0.469757 -0.0129797 0.032128 1
13.88 0.425945 0.436684 0.481336 -0.0119812 0.0337081 1
13.89 0.42583 0.437029 0.493355 -0.0109828 0.0352881 1
13.9 0.425725 0.43739 0.505823 -0.00998436 0.0368682 1
13.91 0.42563 0.437766 0.518748 -0.00898592 0.0384483 1
13.92 0.425546 0.438159 0.532138 -0.00798749 0.0400283 1
13.93 0.425471 0.438567 0.546001 -0.00698905 0.0416084 1
13.94 0.425406 0.438991 0.560346 -0.00599061 0.0431885 1
13.95 0.425351 0.439431 0.57518 -0.00499218 0.0447685 1
13.96 0.425306 0.439886 0.590513 -0.00399374 0.0463486 1
13.97 0.425271 0.440358 0.606351 -0.00299531 0.0479287 1
13.98 0.425246 0.440845 0.622704 -0.00199687 0.0495087 1
13.99 0.425231 0.441348 0.63958 -0.000998436 0.0510888 1
14 0.425226 0.441867 0.656987 -2.47025e-14 0.0526689 1


0 0.5
1 0.438791
2 0.270151
3 0.0353686
4 -0.208073
5 -0.400572
6 -0.494996
7 -0.468228
8 -0.326822
9 -0.105398
10 0.141831
11 0.354335
12 0.480085
13 0.488294
14 0.376951


0 -0
1 -0.119856
2 -0.210368
3 -0.249374
4 -0.227324
5 -0.149618
6 -0.03528
7 0.0876958
8 0.189201
9 0.244383
10 0.239731
11 0.176385
12 0.0698539
13 -0.05378
14 -0.164247
