i root(i) sqrt(i)
  -1.000   -1.571   -1.571
  -0.950   -1.253   -1.253
  -0.900   -1.120   -1.120
  -0.850   -1.016   -1.016
  -0.800   -0.927   -0.927
  -0.750   -0.848   -0.848
  -0.700   -0.775   -0.775
  -0.650   -0.708   -0.708
  -0.600   -0.644   -0.644
  -0.550   -0.582   -0.582
  -0.500   -0.524   -0.524
  -0.450   -0.467   -0.467
  -0.400   -0.412   -0.412
  -0.350   -0.358   -0.358
  -0.300   -0.305   -0.305
  -0.250   -0.253   -0.253
  -0.200   -0.201   -0.201
  -0.150   -0.151   -0.151
  -0.100   -0.100   -0.100
  -0.050   -0.050   -0.050
   0.000    0.000    0.000
   0.050    0.050    0.050
   0.100    0.100    0.100
   0.150    0.151    0.151
   0.200    0.201    0.201
   0.250    0.253    0.253
   0.300    0.305    0.305
   0.350    0.358    0.358
   0.400    0.412    0.412
   0.450    0.467    0.467
   0.500    0.524    0.524
   0.550    0.582    0.582
   0.600    0.644    0.644
   0.650    0.708    0.708
   0.700    0.775    0.775
   0.750    0.848    0.848
   0.800    0.927    0.927
   0.850    1.016    1.016
   0.900    1.120    1.120
   0.950    1.253    1.253
