-1 0.353227
-0.894737 0.309802
-0.789474 0.124837
-0.684211 -0.179854
-0.578947 -0.521775
-0.473684 -0.778547
-0.368421 -0.834212
-0.263158 -0.632605
-0.157895 -0.211597
-0.0526316 0.301971
0.0526316 0.738546
0.157895 0.953842
0.263158 0.886951
0.368421 0.581375
0.473684 0.160599
0.578947 -0.227654
0.684211 -0.47053
0.789474 -0.526107
0.894737 -0.424543
1 -0.240462


-1 0.462777
-0.999 0.461629
-0.998 0.460476
-0.997 0.459318
-0.996 0.458155
-0.995 0.456986
-0.994 0.455813
-0.993 0.454634
-0.992 0.45345
-0.991 0.452261
-0.99 0.451067
-0.989 0.449867
-0.988 0.448662
-0.987 0.447452
-0.986 0.446236
-0.985 0.445016
-0.984 0.443789
-0.983 0.442558
-0.982 0.441321
-0.981 0.440078
-0.98 0.43883
-0.979 0.437577
-0.978 0.436318
-0.977 0.435054
-0.976 0.433784
-0.975 0.432509
-0.974 0.431228
-0.973 0.429942
-0.972 0.42865
-0.971 0.427352
-0.97 0.426049
-0.969 0.42474
-0.968 0.423426
-0.967 0.422106
-0.966 0.42078
-0.965 0.419449
-0.964 0.418111
-0.963 0.416768
-0.962 0.41542
-0.961 0.414065
-0.96 0.412705
-0.959 0.411339
-0.958 0.409967
-0.957 0.40859
-0.956 0.407206
-0.955 0.405817
-0.954 0.404422
-0.953 0.403021
-0.952 0.401614
-0.951 0.400201
-0.95 0.398782
-0.949 0.397357
-0.948 0.395926
-0.947 0.394489
-0.946 0.393046
-0.945 0.391597
-0.944 0.390143
-0.943 0.388682
-0.942 0.387214
-0.941 0.385741
-0.94 0.384262
-0.939 0.382777
-0.938 0.381285
-0.937 0.379788
-0.936 0.378284
-0.935 0.376774
-0.934 0.375257
-0.933 0.373735
-0.932 0.372206
-0.931 0.370671
-0.93 0.36913
-0.929 0.367583
-0.928 0.366029
-0.927 0.364469
-0.926 0.362903
-0.925 0.36133
-0.924 0.359751
-0.923 0.358166
-0.922 0.356574
-0.921 0.354976
-0.92 0.353371
-0.919 0.351761
-0.918 0.350143
-0.917 0.348519
-0.916 0.346889
-0.915 0.345253
-0.914 0.343609
-0.913 0.34196
-0.912 0.340304
-0.911 0.338641
-0.91 0.336972
-0.909 0.335296
-0.908 0.333614
-0.907 0.331925
-0.906 0.33023
-0.905 0.328528
-0.904 0.326819
-0.903 0.325104
-0.902 0.323382
-0.901 0.321654
-0.9 0.319919
-0.899 0.318177
-0.898 0.316428
-0.897 0.314673
-0.896 0.312912
-0.895 0.311143
-0.894 0.309368
-0.893 0.307586
-0.892 0.305798
-0.891 0.304003
-0.89 0.302201
-0.889 0.300392
-0.888 0.298576
-0.887 0.296754
-0.886 0.294925
-0.885 0.293089
-0.884 0.291247
-0.883 0.289397
-0.882 0.287541
-0.881 0.285678
-0.88 0.283808
-0.879 0.281931
-0.878 0.280048
-0.877 0.278158
-0.876 0.27626
-0.875 0.274356
-0.874 0.272445
-0.873 0.270528
-0.872 0.268603
-0.871 0.266672
-0.87 0.264733
-0.869 0.262788
-0.868 0.260836
-0.867 0.258877
-0.866 0.256911
-0.865 0.254938
-0.864 0.252958
-0.863 0.250971
-0.862 0.248978
-0.861 0.246977
-0.86 0.24497
-0.859 0.242955
-0.858 0.240934
-0.857 0.238906
-0.856 0.236871
-0.855 0.234829
-0.854 0.23278
-0.853 0.230724
-0.852 0.228661
-0.851 0.226591
-0.85 0.224514
-0.849 0.22243
-0.848 0.220339
-0.847 0.218242
-0.846 0.216137
-0.845 0.214026
-0.844 0.211907
-0.843 0.209782
-0.842 0.20765
-0.841 0.20551
-0.84 0.203364
-0.839 0.201211
-0.838 0.199051
-0.837 0.196884
-0.836 0.19471
-0.835 0.192529
-0.834 0.190341
-0.833 0.188146
-0.832 0.185945
-0.831 0.183736
-0.83 0.181521
-0.829 0.179298
-0.828 0.177069
-0.827 0.174833
-0.826 0.17259
-0.825 0.17034
-0.824 0.168083
-0.823 0.16582
-0.822 0.163549
-0.821 0.161272
-0.82 0.158988
-0.819 0.156697
-0.818 0.154399
-0.817 0.152094
-0.816 0.149783
-0.815 0.147464
-0.814 0.145139
-0.813 0.142807
-0.812 0.140469
-0.811 0.138123
-0.81 0.135771
-0.809 0.133412
-0.808 0.131047
-0.807 0.128674
-0.806 0.126295
-0.805 0.123909
-0.804 0.121517
-0.803 0.119118
-0.802 0.116712
-0.801 0.114299
-0.8 0.11188
-0.799 0.109455
-0.798 0.107022
-0.797 0.104583
-0.796 0.102138
-0.795 0.0996857
-0.794 0.0972271
-0.793 0.094762
-0.792 0.0922903
-0.791 0.0898122
-0.79 0.0873276
-0.789 0.0848365
-0.788 0.0823389
-0.787 0.079835
-0.786 0.0773246
-0.785 0.0748078
-0.784 0.0722847
-0.783 0.0697552
-0.782 0.0672194
-0.781 0.0646772
-0.78 0.0621288
-0.779 0.0595741
-0.778 0.0570132
-0.777 0.054446
-0.776 0.0518726
-0.775 0.0492931
-0.774 0.0467074
-0.773 0.0441155
-0.772 0.0415175
-0.771 0.0389135
-0.77 0.0363034
-0.769 0.0336872
-0.768 0.031065
-0.767 0.0284368
-0.766 0.0258027
-0.765 0.0231626
-0.764 0.0205167
-0.763 0.0178648
-0.762 0.0152071
-0.761 0.0125435
-0.76 0.00987415
-0.759 0.00719902
-0.758 0.00451814
-0.757 0.00183155
-0.756 -0.000860723
-0.755 -0.00355865
-0.754 -0.00626221
-0.753 -0.00897136
-0.752 -0.0116861
-0.751 -0.0144063
-0.75 -0.0171321
-0.749 -0.0198633
-0.748 -0.0225999
-0.747 -0.025342
-0.746 -0.0280894
-0.745 -0.0308421
-0.744 -0.0336002
-0.743 -0.0363635
-0.742 -0.039132
-0.741 -0.0419057
-0.74 -0.0446846
-0.739 -0.0474686
-0.738 -0.0502577
-0.737 -0.0530519
-0.736 -0.055851
-0.735 -0.0586551
-0.734 -0.0614642
-0.733 -0.0642781
-0.732 -0.0670969
-0.731 -0.0699205
-0.73 -0.0727489
-0.729 -0.075582
-0.728 -0.0784198
-0.727 -0.0812622
-0.726 -0.0841093
-0.725 -0.0869609
-0.724 -0.0898171
-0.723 -0.0926777
-0.722 -0.0955428
-0.721 -0.0984122
-0.72 -0.101286
-0.719 -0.104164
-0.718 -0.107047
-0.717 -0.109933
-0.716 -0.112824
-0.715 -0.115719
-0.714 -0.118618
-0.713 -0.121521
-0.712 -0.124428
-0.711 -0.127338
-0.71 -0.130253
-0.709 -0.133172
-0.708 -0.136094
-0.707 -0.13902
-0.706 -0.14195
-0.705 -0.144883
-0.704 -0.14782
-0.703 -0.150761
-0.702 -0.153705
-0.701 -0.156652
-0.7 -0.159603
-0.699 -0.162557
-0.698 -0.165515
-0.697 -0.168475
-0.696 -0.171439
-0.695 -0.174406
-0.694 -0.177376
-0.693 -0.180348
-0.692 -0.183324
-0.691 -0.186303
-0.69 -0.189284
-0.689 -0.192269
-0.688 -0.195255
-0.687 -0.198245
-0.686 -0.201237
-0.685 -0.204232
-0.684 -0.207229
-0.683 -0.210229
-0.682 -0.213231
-0.681 -0.216235
-0.68 -0.219241
-0.679 -0.22225
-0.678 -0.22526
-0.677 -0.228273
-0.676 -0.231288
-0.675 -0.234304
-0.674 -0.237323
-0.673 -0.240343
-0.672 -0.243365
-0.671 -0.246389
-0.67 -0.249414
-0.669 -0.25244
-0.668 -0.255468
-0.667 -0.258498
-0.666 -0.261529
-0.665 -0.264561
-0.664 -0.267594
-0.663 -0.270629
-0.662 -0.273664
-0.661 -0.2767
-0.66 -0.279738
-0.659 -0.282776
-0.658 -0.285815
-0.657 -0.288854
-0.656 -0.291895
-0.655 -0.294935
-0.654 -0.297977
-0.653 -0.301018
-0.652 -0.30406
-0.651 -0.307103
-0.65 -0.310145
-0.649 -0.313187
-0.648 -0.31623
-0.647 -0.319273
-0.646 -0.322315
-0.645 -0.325357
-0.644 -0.328399
-0.643 -0.331441
-0.642 -0.334482
-0.641 -0.337523
-0.64 -0.340563
-0.639 -0.343603
-0.638 -0.346641
-0.637 -0.349679
-0.636 -0.352716
-0.635 -0.355753
-0.634 -0.358788
-0.633 -0.361822
-0.632 -0.364854
-0.631 -0.367886
-0.63 -0.370916
-0.629 -0.373944
-0.628 -0.376972
-0.627 -0.379997
-0.626 -0.383021
-0.625 -0.386043
-0.624 -0.389063
-0.623 -0.392081
-0.622 -0.395097
-0.621 -0.398111
-0.62 -0.401123
-0.619 -0.404133
-0.618 -0.40714
-0.617 -0.410145
-0.616 -0.413147
-0.615 -0.416147
-0.614 -0.419143
-0.613 -0.422137
-0.612 -0.425129
-0.611 -0.428117
-0.61 -0.431102
-0.609 -0.434084
-0.608 -0.437063
-0.607 -0.440038
-0.606 -0.44301
-0.605 -0.445978
-0.604 -0.448943
-0.603 -0.451904
-0.602 -0.454862
-0.601 -0.457815
-0.6 -0.460765
-0.599 -0.46371
-0.598 -0.466652
-0.597 -0.469589
-0.596 -0.472521
-0.595 -0.47545
-0.594 -0.478374
-0.593 -0.481293
-0.592 -0.484207
-0.591 -0.487117
-0.59 -0.490022
-0.589 -0.492922
-0.588 -0.495817
-0.587 -0.498706
-0.586 -0.501591
-0.585 -0.50447
-0.584 -0.507343
-0.583 -0.510211
-0.582 -0.513074
-0.581 -0.51593
-0.58 -0.518781
-0.579 -0.521626
-0.578 -0.524465
-0.577 -0.527297
-0.576 -0.530124
-0.575 -0.532944
-0.574 -0.535757
-0.573 -0.538565
-0.572 -0.541365
-0.571 -0.544159
-0.57 -0.546946
-0.569 -0.549726
-0.568 -0.5525
-0.567 -0.555266
-0.566 -0.558024
-0.565 -0.560776
-0.564 -0.56352
-0.563 -0.566257
-0.562 -0.568986
-0.561 -0.571707
-0.56 -0.574421
-0.559 -0.577126
-0.558 -0.579824
-0.557 -0.582513
-0.556 -0.585195
-0.555 -0.587868
-0.554 -0.590532
-0.553 -0.593189
-0.552 -0.595836
-0.551 -0.598475
-0.55 -0.601105
-0.549 -0.603726
-0.548 -0.606338
-0.547 -0.608941
-0.546 -0.611535
-0.545 -0.61412
-0.544 -0.616695
-0.543 -0.61926
-0.542 -0.621816
-0.541 -0.624362
-0.54 -0.626899
-0.539 -0.629425
-0.538 -0.631942
-0.537 -0.634448
-0.536 -0.636944
-0.535 -0.63943
-0.534 -0.641906
-0.533 -0.644371
-0.532 -0.646825
-0.531 -0.649268
-0.53 -0.651701
-0.529 -0.654123
-0.528 -0.656533
-0.527 -0.658933
-0.526 -0.661321
-0.525 -0.663698
-0.524 -0.666064
-0.523 -0.668418
-0.522 -0.67076
-0.521 -0.673091
-0.52 -0.675409
-0.519 -0.677716
-0.518 -0.680011
-0.517 -0.682293
-0.516 -0.684564
-0.515 -0.686821
-0.514 -0.689067
-0.513 -0.6913
-0.512 -0.69352
-0.511 -0.695727
-0.51 -0.697922
-0.509 -0.700104
-0.508 -0.702272
-0.507 -0.704427
-0.506 -0.70657
-0.505 -0.708698
-0.504 -0.710813
-0.503 -0.712915
-0.502 -0.715003
-0.501 -0.717077
-0.5 -0.719138
-0.499 -0.721184
-0.498 -0.723216
-0.497 -0.725234
-0.496 -0.727238
-0.495 -0.729228
-0.494 -0.731203
-0.493 -0.733163
-0.492 -0.735109
-0.491 -0.73704
-0.49 -0.738956
-0.489 -0.740857
-0.488 -0.742743
-0.487 -0.744614
-0.486 -0.74647
-0.485 -0.74831
-0.484 -0.750135
-0.483 -0.751944
-0.482 -0.753738
-0.481 -0.755516
-0.48 -0.757278
-0.479 -0.759024
-0.478 -0.760755
-0.477 -0.762469
-0.476 -0.764166
-0.475 -0.765848
-0.474 -0.767513
-0.473 -0.769162
-0.472 -0.770794
-0.471 -0.772409
-0.47 -0.774007
-0.469 -0.775589
-0.468 -0.777154
-0.467 -0.778701
-0.466 -0.780232
-0.465 -0.781745
-0.464 -0.783241
-0.463 -0.78472
-0.462 -0.786181
-0.461 -0.787624
-0.46 -0.78905
-0.459 -0.790458
-0.458 -0.791848
-0.457 -0.79322
-0.456 -0.794574
-0.455 -0.79591
-0.454 -0.797227
-0.453 -0.798527
-0.452 -0.799808
-0.451 -0.80107
-0.45 -0.802314
-0.449 -0.803539
-0.448 -0.804746
-0.447 -0.805933
-0.446 -0.807102
-0.445 -0.808252
-0.444 -0.809383
-0.443 -0.810494
-0.442 -0.811587
-0.441 -0.81266
-0.44 -0.813713
-0.439 -0.814747
-0.438 -0.815762
-0.437 -0.816757
-0.436 -0.817732
-0.435 -0.818687
-0.434 -0.819623
-0.433 -0.820538
-0.432 -0.821434
-0.431 -0.822309
-0.43 -0.823164
-0.429 -0.823999
-0.428 -0.824814
-0.427 -0.825608
-0.426 -0.826382
-0.425 -0.827135
-0.424 -0.827867
-0.423 -0.828579
-0.422 -0.82927
-0.421 -0.82994
-0.42 -0.83059
-0.419 -0.831218
-0.418 -0.831825
-0.417 -0.832411
-0.416 -0.832976
-0.415 -0.83352
-0.414 -0.834042
-0.413 -0.834543
-0.412 -0.835022
-0.411 -0.83548
-0.41 -0.835916
-0.409 -0.836331
-0.408 -0.836724
-0.407 -0.837095
-0.406 -0.837445
-0.405 -0.837772
-0.404 -0.838077
-0.403 -0.838361
-0.402 -0.838622
-0.401 -0.838861
-0.4 -0.839078
-0.399 -0.839273
-0.398 -0.839445
-0.397 -0.839595
-0.396 -0.839723
-0.395 -0.839828
-0.394 -0.839911
-0.393 -0.839971
-0.392 -0.840008
-0.391 -0.840023
-0.39 -0.840015
-0.389 -0.839984
-0.388 -0.83993
-0.387 -0.839853
-0.386 -0.839754
-0.385 -0.839631
-0.384 -0.839486
-0.383 -0.839317
-0.382 -0.839126
-0.381 -0.838911
-0.38 -0.838673
-0.379 -0.838411
-0.378 -0.838127
-0.377 -0.837819
-0.376 -0.837487
-0.375 -0.837133
-0.374 -0.836754
-0.373 -0.836353
-0.372 -0.835927
-0.371 -0.835479
-0.37 -0.835006
-0.369 -0.83451
-0.368 -0.833991
-0.367 -0.833447
-0.366 -0.83288
-0.365 -0.832289
-0.364 -0.831675
-0.363 -0.831036
-0.362 -0.830374
-0.361 -0.829688
-0.36 -0.828978
-0.359 -0.828244
-0.358 -0.827486
-0.357 -0.826704
-0.356 -0.825898
-0.355 -0.825068
-0.354 -0.824214
-0.353 -0.823336
-0.352 -0.822434
-0.351 -0.821508
-0.35 -0.820557
-0.349 -0.819583
-0.348 -0.818584
-0.347 -0.817561
-0.346 -0.816514
-0.345 -0.815443
-0.344 -0.814348
-0.343 -0.813228
-0.342 -0.812084
-0.341 -0.810916
-0.34 -0.809724
-0.339 -0.808508
-0.338 -0.807267
-0.337 -0.806002
-0.336 -0.804712
-0.335 -0.803399
-0.334 -0.802061
-0.333 -0.800698
-0.332 -0.799312
-0.331 -0.797901
-0.33 -0.796466
-0.329 -0.795007
-0.328 -0.793523
-0.327 -0.792015
-0.326 -0.790483
-0.325 -0.788926
-0.324 -0.787345
-0.323 -0.78574
-0.322 -0.784111
-0.321 -0.782458
-0.32 -0.78078
-0.319 -0.779078
-0.318 -0.777352
-0.317 -0.775602
-0.316 -0.773827
-0.315 -0.772028
-0.314 -0.770206
-0.313 -0.768359
-0.312 -0.766487
-0.311 -0.764592
-0.31 -0.762673
-0.309 -0.76073
-0.308 -0.758762
-0.307 -0.756771
-0.306 -0.754756
-0.305 -0.752716
-0.304 -0.750653
-0.303 -0.748566
-0.302 -0.746455
-0.301 -0.74432
-0.3 -0.742161
-0.299 -0.739979
-0.298 -0.737773
-0.297 -0.735543
-0.296 -0.733289
-0.295 -0.731012
-0.294 -0.728711
-0.293 -0.726386
-0.292 -0.724038
-0.291 -0.721667
-0.29 -0.719272
-0.289 -0.716853
-0.288 -0.714411
-0.287 -0.711946
-0.286 -0.709457
-0.285 -0.706946
-0.284 -0.704411
-0.283 -0.701852
-0.282 -0.699271
-0.281 -0.696667
-0.28 -0.694039
-0.279 -0.691389
-0.278 -0.688716
-0.277 -0.68602
-0.276 -0.683301
-0.275 -0.680559
-0.274 -0.677795
-0.273 -0.675008
-0.272 -0.672198
-0.271 -0.669366
-0.27 -0.666511
-0.269 -0.663634
-0.268 -0.660735
-0.267 -0.657813
-0.266 -0.654869
-0.265 -0.651903
-0.264 -0.648915
-0.263 -0.645905
-0.262 -0.642873
-0.261 -0.639819
-0.26 -0.636743
-0.259 -0.633645
-0.258 -0.630526
-0.257 -0.627385
-0.256 -0.624223
-0.255 -0.621039
-0.254 -0.617834
-0.253 -0.614607
-0.252 -0.611359
-0.251 -0.60809
-0.25 -0.6048
-0.249 -0.601489
-0.248 -0.598158
-0.247 -0.594805
-0.246 -0.591431
-0.245 -0.588037
-0.244 -0.584623
-0.243 -0.581187
-0.242 -0.577732
-0.241 -0.574256
-0.24 -0.57076
-0.239 -0.567243
-0.238 -0.563707
-0.237 -0.560151
-0.236 -0.556574
-0.235 -0.552979
-0.234 -0.549363
-0.233 -0.545728
-0.232 -0.542073
-0.231 -0.538399
-0.23 -0.534705
-0.229 -0.530993
-0.228 -0.527261
-0.227 -0.52351
-0.226 -0.519741
-0.225 -0.515953
-0.224 -0.512145
-0.223 -0.50832
-0.222 -0.504476
-0.221 -0.500613
-0.22 -0.496732
-0.219 -0.492833
-0.218 -0.488916
-0.217 -0.484982
-0.216 -0.481029
-0.215 -0.477058
-0.214 -0.47307
-0.213 -0.469065
-0.212 -0.465042
-0.211 -0.461001
-0.21 -0.456944
-0.209 -0.452869
-0.208 -0.448778
-0.207 -0.44467
-0.206 -0.440545
-0.205 -0.436404
-0.204 -0.432246
-0.203 -0.428071
-0.202 -0.423881
-0.201 -0.419675
-0.2 -0.415452
-0.199 -0.411214
-0.198 -0.40696
-0.197 -0.40269
-0.196 -0.398405
-0.195 -0.394105
-0.194 -0.389789
-0.193 -0.385458
-0.192 -0.381113
-0.191 -0.376752
-0.19 -0.372377
-0.189 -0.367987
-0.188 -0.363583
-0.187 -0.359165
-0.186 -0.354732
-0.185 -0.350285
-0.184 -0.345825
-0.183 -0.341351
-0.182 -0.336863
-0.181 -0.332361
-0.18 -0.327847
-0.179 -0.323319
-0.178 -0.318778
-0.177 -0.314224
-0.176 -0.309657
-0.175 -0.305078
-0.174 -0.300486
-0.173 -0.295882
-0.172 -0.291265
-0.171 -0.286637
-0.17 -0.281996
-0.169 -0.277344
-0.168 -0.27268
-0.167 -0.268005
-0.166 -0.263318
-0.165 -0.25862
-0.164 -0.253911
-0.163 -0.249191
-0.162 -0.24446
-0.161 -0.239719
-0.16 -0.234967
-0.159 -0.230205
-0.158 -0.225433
-0.157 -0.220651
-0.156 -0.215859
-0.155 -0.211057
-0.154 -0.206246
-0.153 -0.201425
-0.152 -0.196595
-0.151 -0.191756
-0.15 -0.186908
-0.149 -0.182051
-0.148 -0.177186
-0.147 -0.172312
-0.146 -0.16743
-0.145 -0.16254
-0.144 -0.157641
-0.143 -0.152735
-0.142 -0.147821
-0.141 -0.1429
-0.14 -0.137971
-0.139 -0.133036
-0.138 -0.128093
-0.137 -0.123143
-0.136 -0.118186
-0.135 -0.113223
-0.134 -0.108254
-0.133 -0.103278
-0.132 -0.0982965
-0.131 -0.0933089
-0.13 -0.0883155
-0.129 -0.0833165
-0.128 -0.0783122
-0.127 -0.0733026
-0.126 -0.0682879
-0.125 -0.0632682
-0.124 -0.0582439
-0.123 -0.0532149
-0.122 -0.0481815
-0.121 -0.0431439
-0.12 -0.0381022
-0.119 -0.0330565
-0.118 -0.0280071
-0.117 -0.0229541
-0.116 -0.0178977
-0.115 -0.012838
-0.114 -0.00777523
-0.113 -0.00270955
-0.112 0.00235889
-0.111 0.00742991
-0.11 0.0125033
-0.109 0.017579
-0.108 0.0226568
-0.107 0.0277364
-0.106 0.0328178
-0.105 0.0379008
-0.104 0.0429852
-0.103 0.0480708
-0.102 0.0531575
-0.101 0.058245
-0.1 0.0633333
-0.099 0.0684221
-0.098 0.0735113
-0.097 0.0786007
-0.096 0.0836902
-0.095 0.0887795
-0.094 0.0938686
-0.093 0.0989571
-0.092 0.104045
-0.091 0.109132
-0.09 0.114218
-0.089 0.119303
-0.088 0.124387
-0.087 0.129469
-0.086 0.134549
-0.085 0.139628
-0.084 0.144705
-0.083 0.149779
-0.082 0.154851
-0.081 0.159921
-0.08 0.164988
-0.079 0.170052
-0.078 0.175113
-0.077 0.180171
-0.076 0.185225
-0.075 0.190276
-0.074 0.195323
-0.073 0.200366
-0.072 0.205406
-0.071 0.210441
-0.07 0.215471
-0.069 0.220497
-0.068 0.225519
-0.067 0.230535
-0.066 0.235546
-0.065 0.240553
-0.064 0.245553
-0.063 0.250549
-0.062 0.255538
-0.061 0.260521
-0.06 0.265499
-0.059 0.27047
-0.058 0.275435
-0.057 0.280393
-0.056 0.285344
-0.055 0.290289
-0.054 0.295226
-0.053 0.300157
-0.052 0.305079
-0.051 0.309995
-0.05 0.314902
-0.049 0.319802
-0.048 0.324693
-0.047 0.329576
-0.046 0.334451
-0.045 0.339317
-0.044 0.344175
-0.043 0.349024
-0.042 0.353863
-0.041 0.358693
-0.04 0.363514
-0.039 0.368326
-0.038 0.373128
-0.037 0.37792
-0.036 0.382701
-0.035 0.387473
-0.034 0.392234
-0.033 0.396985
-0.032 0.401725
-0.031 0.406455
-0.03 0.411173
-0.029 0.41588
-0.028 0.420576
-0.027 0.42526
-0.026 0.429933
-0.025 0.434594
-0.024 0.439243
-0.023 0.443881
-0.022 0.448505
-0.021 0.453118
-0.02 0.457718
-0.019 0.462305
-0.018 0.466879
-0.017 0.471441
-0.016 0.475989
-0.015 0.480524
-0.014 0.485045
-0.013 0.489553
-0.012 0.494047
-0.011 0.498528
-0.01 0.502994
-0.009 0.507446
-0.008 0.511884
-0.007 0.516307
-0.006 0.520715
-0.005 0.525109
-0.004 0.529488
-0.003 0.533852
-0.002 0.5382
-0.001 0.542534
8.8124e-16 0.546852
0.001 0.551154
0.002 0.55544
0.003 0.55971
0.004 0.563965
0.005 0.568203
0.006 0.572425
0.007 0.57663
0.008 0.580819
0.009 0.584991
0.01 0.589146
0.011 0.593285
0.012 0.597406
0.013 0.601509
0.014 0.605596
0.015 0.609664
0.016 0.613716
0.017 0.617749
0.018 0.621764
0.019 0.625762
0.02 0.629741
0.021 0.633702
0.022 0.637644
0.023 0.641568
0.024 0.645473
0.025 0.649359
0.026 0.653227
0.027 0.657075
0.028 0.660904
0.029 0.664714
0.03 0.668504
0.031 0.672275
0.032 0.676026
0.033 0.679758
0.034 0.683469
0.035 0.687161
0.036 0.690832
0.037 0.694483
0.038 0.698114
0.039 0.701724
0.04 0.705314
0.041 0.708883
0.042 0.712431
0.043 0.715958
0.044 0.719465
0.045 0.72295
0.046 0.726414
0.047 0.729856
0.048 0.733277
0.049 0.736677
0.05 0.740055
0.051 0.743411
0.052 0.746745
0.053 0.750057
0.054 0.753348
0.055 0.756616
0.056 0.759862
0.057 0.763085
0.058 0.766286
0.059 0.769465
0.06 0.772621
0.061 0.775754
0.062 0.778864
0.063 0.781951
0.064 0.785016
0.065 0.788057
0.066 0.791075
0.067 0.79407
0.068 0.797041
0.069 0.799989
0.07 0.802914
0.071 0.805815
0.072 0.808692
0.073 0.811545
0.074 0.814375
0.075 0.817181
0.076 0.819962
0.077 0.82272
0.078 0.825453
0.079 0.828162
0.08 0.830847
0.081 0.833507
0.082 0.836143
0.083 0.838755
0.084 0.841341
0.085 0.843904
0.086 0.846441
0.087 0.848953
0.088 0.851441
0.089 0.853904
0.09 0.856341
0.091 0.858754
0.092 0.861141
0.093 0.863504
0.094 0.865841
0.095 0.868152
0.096 0.870439
0.097 0.872699
0.098 0.874935
0.099 0.877145
0.1 0.879329
0.101 0.881487
0.102 0.88362
0.103 0.885727
0.104 0.887808
0.105 0.889864
0.106 0.891893
0.107 0.893896
0.108 0.895874
0.109 0.897825
0.11 0.89975
0.111 0.90165
0.112 0.903523
0.113 0.905369
0.114 0.90719
0.115 0.908984
0.116 0.910752
0.117 0.912493
0.118 0.914208
0.119 0.915896
0.12 0.917558
0.121 0.919194
0.122 0.920803
0.123 0.922385
0.124 0.923941
0.125 0.92547
0.126 0.926973
0.127 0.928448
0.128 0.929897
0.129 0.931319
0.13 0.932715
0.131 0.934084
0.132 0.935425
0.133 0.93674
0.134 0.938028
0.135 0.93929
0.136 0.940524
0.137 0.941731
0.138 0.942912
0.139 0.944066
0.14 0.945192
0.141 0.946292
0.142 0.947364
0.143 0.94841
0.144 0.949429
0.145 0.95042
0.146 0.951385
0.147 0.952322
0.148 0.953233
0.149 0.954116
0.15 0.954973
0.151 0.955802
0.152 0.956605
0.153 0.95738
0.154 0.958128
0.155 0.958849
0.156 0.959544
0.157 0.960211
0.158 0.960851
0.159 0.961464
0.16 0.96205
0.161 0.962609
0.162 0.963141
0.163 0.963646
0.164 0.964124
0.165 0.964575
0.166 0.964999
0.167 0.965396
0.168 0.965767
0.169 0.96611
0.17 0.966426
0.171 0.966716
0.172 0.966979
0.173 0.967214
0.174 0.967423
0.175 0.967605
0.176 0.967761
0.177 0.967889
0.178 0.967991
0.179 0.968067
0.18 0.968115
0.181 0.968137
0.182 0.968132
0.183 0.968101
0.184 0.968043
0.185 0.967958
0.186 0.967847
0.187 0.96771
0.188 0.967546
0.189 0.967355
0.19 0.967138
0.191 0.966895
0.192 0.966626
0.193 0.96633
0.194 0.966008
0.195 0.96566
0.196 0.965286
0.197 0.964886
0.198 0.964459
0.199 0.964007
0.2 0.963529
0.201 0.963024
0.202 0.962494
0.203 0.961938
0.204 0.961356
0.205 0.960749
0.206 0.960116
0.207 0.959457
0.208 0.958772
0.209 0.958062
0.21 0.957327
0.211 0.956566
0.212 0.95578
0.213 0.954968
0.214 0.954131
0.215 0.953269
0.216 0.952382
0.217 0.951469
0.218 0.950532
0.219 0.94957
0.22 0.948583
0.221 0.94757
0.222 0.946534
0.223 0.945472
0.224 0.944386
0.225 0.943275
0.226 0.94214
0.227 0.94098
0.228 0.939796
0.229 0.938587
0.23 0.937354
0.231 0.936097
0.232 0.934816
0.233 0.933511
0.234 0.932182
0.235 0.930829
0.236 0.929452
0.237 0.928052
0.238 0.926627
0.239 0.925179
0.24 0.923708
0.241 0.922213
0.242 0.920695
0.243 0.919154
0.244 0.917589
0.245 0.916001
0.246 0.91439
0.247 0.912756
0.248 0.9111
0.249 0.90942
0.25 0.907718
0.251 0.905993
0.252 0.904246
0.253 0.902476
0.254 0.900683
0.255 0.898869
0.256 0.897032
0.257 0.895173
0.258 0.893292
0.259 0.891389
0.26 0.889464
0.261 0.887518
0.262 0.88555
0.263 0.88356
0.264 0.881549
0.265 0.879516
0.266 0.877462
0.267 0.875387
0.268 0.873291
0.269 0.871174
0.27 0.869035
0.271 0.866876
0.272 0.864697
0.273 0.862496
0.274 0.860275
0.275 0.858034
0.276 0.855772
0.277 0.85349
0.278 0.851188
0.279 0.848866
0.28 0.846524
0.281 0.844162
0.282 0.841781
0.283 0.83938
0.284 0.836959
0.285 0.834519
0.286 0.832059
0.287 0.829581
0.288 0.827083
0.289 0.824566
0.29 0.82203
0.291 0.819476
0.292 0.816903
0.293 0.814311
0.294 0.811701
0.295 0.809072
0.296 0.806425
0.297 0.80376
0.298 0.801077
0.299 0.798376
0.3 0.795658
0.301 0.792921
0.302 0.790167
0.303 0.787396
0.304 0.784607
0.305 0.781801
0.306 0.778978
0.307 0.776137
0.308 0.77328
0.309 0.770406
0.31 0.767516
0.311 0.764608
0.312 0.761685
0.313 0.758745
0.314 0.755789
0.315 0.752816
0.316 0.749828
0.317 0.746824
0.318 0.743804
0.319 0.740768
0.32 0.737717
0.321 0.734651
0.322 0.731569
0.323 0.728472
0.324 0.72536
0.325 0.722233
0.326 0.719091
0.327 0.715935
0.328 0.712764
0.329 0.709578
0.33 0.706378
0.331 0.703164
0.332 0.699936
0.333 0.696694
0.334 0.693438
0.335 0.690169
0.336 0.686885
0.337 0.683589
0.338 0.680279
0.339 0.676955
0.34 0.673619
0.341 0.67027
0.342 0.666907
0.343 0.663532
0.344 0.660145
0.345 0.656745
0.346 0.653332
0.347 0.649907
0.348 0.64647
0.349 0.643022
0.35 0.639561
0.351 0.636088
0.352 0.632604
0.353 0.629109
0.354 0.625602
0.355 0.622084
0.356 0.618554
0.357 0.615014
0.358 0.611463
0.359 0.607901
0.36 0.604328
0.361 0.600745
0.362 0.597152
0.363 0.593548
0.364 0.589934
0.365 0.586311
0.366 0.582677
0.367 0.579034
0.368 0.575381
0.369 0.571718
0.37 0.568046
0.371 0.564365
0.372 0.560675
0.373 0.556976
0.374 0.553268
0.375 0.549551
0.376 0.545826
0.377 0.542092
0.378 0.53835
0.379 0.5346
0.38 0.530842
0.381 0.527075
0.382 0.523301
0.383 0.519519
0.384 0.51573
0.385 0.511933
0.386 0.508129
0.387 0.504317
0.388 0.500499
0.389 0.496673
0.39 0.492841
0.391 0.489002
0.392 0.485156
0.393 0.481304
0.394 0.477446
0.395 0.473582
0.396 0.469711
0.397 0.465835
0.398 0.461952
0.399 0.458065
0.4 0.454171
0.401 0.450272
0.402 0.446368
0.403 0.442459
0.404 0.438544
0.405 0.434625
0.406 0.430701
0.407 0.426772
0.408 0.422839
0.409 0.418901
0.41 0.414959
0.411 0.411013
0.412 0.407062
0.413 0.403108
0.414 0.39915
0.415 0.395188
0.416 0.391223
0.417 0.387255
0.418 0.383283
0.419 0.379308
0.42 0.37533
0.421 0.371349
0.422 0.367365
0.423 0.363378
0.424 0.359389
0.425 0.355398
0.426 0.351404
0.427 0.347408
0.428 0.34341
0.429 0.33941
0.43 0.335408
0.431 0.331405
0.432 0.3274
0.433 0.323393
0.434 0.319385
0.435 0.315376
0.436 0.311366
0.437 0.307355
0.438 0.303343
0.439 0.29933
0.44 0.295317
0.441 0.291303
0.442 0.287289
0.443 0.283275
0.444 0.279261
0.445 0.275246
0.446 0.271232
0.447 0.267217
0.448 0.263204
0.449 0.25919
0.45 0.255178
0.451 0.251166
0.452 0.247154
0.453 0.243144
0.454 0.239135
0.455 0.235127
0.456 0.23112
0.457 0.227115
0.458 0.223111
0.459 0.219108
0.46 0.215108
0.461 0.211109
0.462 0.207113
0.463 0.203118
0.464 0.199126
0.465 0.195136
0.466 0.191148
0.467 0.187163
0.468 0.18318
0.469 0.179201
0.47 0.175224
0.471 0.17125
0.472 0.167279
0.473 0.163312
0.474 0.159348
0.475 0.155387
0.476 0.15143
0.477 0.147476
0.478 0.143526
0.479 0.139581
0.48 0.135639
0.481 0.131701
0.482 0.127767
0.483 0.123838
0.484 0.119913
0.485 0.115992
0.486 0.112076
0.487 0.108165
0.488 0.104259
0.489 0.100358
0.49 0.0964615
0.491 0.0925704
0.492 0.0886845
0.493 0.084804
0.494 0.0809289
0.495 0.0770594
0.496 0.0731956
0.497 0.0693375
0.498 0.0654853
0.499 0.0616391
0.5 0.057799
0.501 0.053965
0.502 0.0501373
0.503 0.0463159
0.504 0.042501
0.505 0.0386927
0.506 0.0348911
0.507 0.0310963
0.508 0.0273083
0.509 0.0235272
0.51 0.0197532
0.511 0.0159864
0.512 0.0122269
0.513 0.00847465
0.514 0.00472988
0.515 0.000992644
0.516 -0.00273696
0.517 -0.00645883
0.518 -0.0101729
0.519 -0.013879
0.52 -0.0175771
0.521 -0.0212672
0.522 -0.024949
0.523 -0.0286226
0.524 -0.0322878
0.525 -0.0359445
0.526 -0.0395926
0.527 -0.0432322
0.528 -0.0468629
0.529 -0.0504849
0.53 -0.054098
0.531 -0.057702
0.532 -0.061297
0.533 -0.0648828
0.534 -0.0684593
0.535 -0.0720265
0.536 -0.0755842
0.537 -0.0791325
0.538 -0.0826711
0.539 -0.0862001
0.54 -0.0897192
0.541 -0.0932286
0.542 -0.096728
0.543 -0.100217
0.544 -0.103697
0.545 -0.107166
0.546 -0.110625
0.547 -0.114073
0.548 -0.117511
0.549 -0.120939
0.55 -0.124356
0.551 -0.127762
0.552 -0.131158
0.553 -0.134542
0.554 -0.137916
0.555 -0.141279
0.556 -0.144631
0.557 -0.147972
0.558 -0.151301
0.559 -0.154619
0.56 -0.157926
0.561 -0.161222
0.562 -0.164506
0.563 -0.167778
0.564 -0.171039
0.565 -0.174288
0.566 -0.177525
0.567 -0.180751
0.568 -0.183964
0.569 -0.187166
0.57 -0.190355
0.571 -0.193533
0.572 -0.196698
0.573 -0.199851
0.574 -0.202991
0.575 -0.206119
0.576 -0.209235
0.577 -0.212338
0.578 -0.215429
0.579 -0.218507
0.58 -0.221572
0.581 -0.224624
0.582 -0.227664
0.583 -0.23069
0.584 -0.233704
0.585 -0.236704
0.586 -0.239692
0.587 -0.242666
0.588 -0.245627
0.589 -0.248575
0.59 -0.251509
0.591 -0.25443
0.592 -0.257338
0.593 -0.260232
0.594 -0.263112
0.595 -0.265979
0.596 -0.268833
0.597 -0.271672
0.598 -0.274498
0.599 -0.277309
0.6 -0.280107
0.601 -0.282891
0.602 -0.285661
0.603 -0.288417
0.604 -0.291159
0.605 -0.293886
0.606 -0.296599
0.607 -0.299298
0.608 -0.301983
0.609 -0.304654
0.61 -0.30731
0.611 -0.309951
0.612 -0.312578
0.613 -0.31519
0.614 -0.317788
0.615 -0.320371
0.616 -0.32294
0.617 -0.325493
0.618 -0.328032
0.619 -0.330556
0.62 -0.333066
0.621 -0.33556
0.622 -0.338039
0.623 -0.340504
0.624 -0.342953
0.625 -0.345387
0.626 -0.347806
0.627 -0.35021
0.628 -0.352599
0.629 -0.354972
0.63 -0.35733
0.631 -0.359673
0.632 -0.362001
0.633 -0.364313
0.634 -0.366609
0.635 -0.368891
0.636 -0.371156
0.637 -0.373406
0.638 -0.375641
0.639 -0.37786
0.64 -0.380063
0.641 -0.382251
0.642 -0.384423
0.643 -0.386579
0.644 -0.38872
0.645 -0.390844
0.646 -0.392953
0.647 -0.395046
0.648 -0.397123
0.649 -0.399184
0.65 -0.40123
0.651 -0.403259
0.652 -0.405272
0.653 -0.40727
0.654 -0.409251
0.655 -0.411216
0.656 -0.413165
0.657 -0.415098
0.658 -0.417015
0.659 -0.418916
0.66 -0.4208
0.661 -0.422669
0.662 -0.424521
0.663 -0.426356
0.664 -0.428176
0.665 -0.429979
0.666 -0.431766
0.667 -0.433537
0.668 -0.435291
0.669 -0.437029
0.67 -0.438751
0.671 -0.440456
0.672 -0.442144
0.673 -0.443817
0.674 -0.445473
0.675 -0.447112
0.676 -0.448735
0.677 -0.450341
0.678 -0.451931
0.679 -0.453505
0.68 -0.455062
0.681 -0.456602
0.682 -0.458126
0.683 -0.459633
0.684 -0.461124
0.685 -0.462598
0.686 -0.464056
0.687 -0.465497
0.688 -0.466921
0.689 -0.468329
0.69 -0.46972
0.691 -0.471094
0.692 -0.472452
0.693 -0.473793
0.694 -0.475118
0.695 -0.476426
0.696 -0.477717
0.697 -0.478992
0.698 -0.48025
0.699 -0.481492
0.7 -0.482716
0.701 -0.483925
0.702 -0.485116
0.703 -0.486291
0.704 -0.487449
0.705 -0.48859
0.706 -0.489715
0.707 -0.490823
0.708 -0.491915
0.709 -0.49299
0.71 -0.494048
0.711 -0.49509
0.712 -0.496115
0.713 -0.497123
0.714 -0.498115
0.715 -0.49909
0.716 -0.500049
0.717 -0.500991
0.718 -0.501916
0.719 -0.502825
0.72 -0.503717
0.721 -0.504592
0.722 -0.505451
0.723 -0.506294
0.724 -0.50712
0.725 -0.507929
0.726 -0.508722
0.727 -0.509498
0.728 -0.510258
0.729 -0.511002
0.73 -0.511729
0.731 -0.512439
0.732 -0.513133
0.733 -0.513811
0.734 -0.514472
0.735 -0.515117
0.736 -0.515745
0.737 -0.516357
0.738 -0.516953
0.739 -0.517532
0.74 -0.518096
0.741 -0.518642
0.742 -0.519173
0.743 -0.519687
0.744 -0.520185
0.745 -0.520667
0.746 -0.521133
0.747 -0.521582
0.748 -0.522015
0.749 -0.522433
0.75 -0.522834
0.751 -0.523219
0.752 -0.523588
0.753 -0.523941
0.754 -0.524278
0.755 -0.524599
0.756 -0.524904
0.757 -0.525193
0.758 -0.525466
0.759 -0.525723
0.76 -0.525965
0.761 -0.52619
0.762 -0.5264
0.763 -0.526594
0.764 -0.526772
0.765 -0.526935
0.766 -0.527082
0.767 -0.527213
0.768 -0.527329
0.769 -0.527429
0.77 -0.527513
0.771 -0.527582
0.772 -0.527636
0.773 -0.527674
0.774 -0.527697
0.775 -0.527704
0.776 -0.527696
0.777 -0.527672
0.778 -0.527634
0.779 -0.52758
0.78 -0.52751
0.781 -0.527426
0.782 -0.527327
0.783 -0.527212
0.784 -0.527082
0.785 -0.526938
0.786 -0.526778
0.787 -0.526603
0.788 -0.526414
0.789 -0.526209
0.79 -0.52599
0.791 -0.525756
0.792 -0.525507
0.793 -0.525244
0.794 -0.524966
0.795 -0.524673
0.796 -0.524366
0.797 -0.524044
0.798 -0.523707
0.799 -0.523356
0.8 -0.522991
0.801 -0.522611
0.802 -0.522218
0.803 -0.521809
0.804 -0.521387
0.805 -0.52095
0.806 -0.520499
0.807 -0.520035
0.808 -0.519556
0.809 -0.519063
0.81 -0.518556
0.811 -0.518035
0.812 -0.517501
0.813 -0.516952
0.814 -0.51639
0.815 -0.515814
0.816 -0.515225
0.817 -0.514622
0.818 -0.514005
0.819 -0.513375
0.82 -0.512731
0.821 -0.512074
0.822 -0.511404
0.823 -0.51072
0.824 -0.510023
0.825 -0.509313
0.826 -0.50859
0.827 -0.507854
0.828 -0.507104
0.829 -0.506342
0.83 -0.505567
0.831 -0.504779
0.832 -0.503978
0.833 -0.503164
0.834 -0.502338
0.835 -0.501499
0.836 -0.500647
0.837 -0.499783
0.838 -0.498907
0.839 -0.498018
0.84 -0.497116
0.841 -0.496203
0.842 -0.495277
0.843 -0.494339
0.844 -0.493388
0.845 -0.492426
0.846 -0.491452
0.847 -0.490466
0.848 -0.489468
0.849 -0.488458
0.85 -0.487436
0.851 -0.486403
0.852 -0.485358
0.853 -0.484301
0.854 -0.483233
0.855 -0.482154
0.856 -0.481063
0.857 -0.479961
0.858 -0.478847
0.859 -0.477722
0.86 -0.476587
0.861 -0.47544
0.862 -0.474282
0.863 -0.473113
0.864 -0.471933
0.865 -0.470743
0.866 -0.469541
0.867 -0.468329
0.868 -0.467107
0.869 -0.465874
0.87 -0.46463
0.871 -0.463376
0.872 -0.462111
0.873 -0.460837
0.874 -0.459552
0.875 -0.458257
0.876 -0.456951
0.877 -0.455636
0.878 -0.454311
0.879 -0.452976
0.88 -0.451631
0.881 -0.450277
0.882 -0.448912
0.883 -0.447538
0.884 -0.446155
0.885 -0.444762
0.886 -0.44336
0.887 -0.441948
0.888 -0.440527
0.889 -0.439097
0.89 -0.437658
0.891 -0.43621
0.892 -0.434753
0.893 -0.433286
0.894 -0.431811
0.895 -0.430328
0.896 -0.428835
0.897 -0.427334
0.898 -0.425824
0.899 -0.424306
0.9 -0.42278
0.901 -0.421245
0.902 -0.419702
0.903 -0.41815
0.904 -0.416591
0.905 -0.415024
0.906 -0.413448
0.907 -0.411865
0.908 -0.410273
0.909 -0.408674
0.91 -0.407068
0.911 -0.405454
0.912 -0.403832
0.913 -0.402203
0.914 -0.400566
0.915 -0.398922
0.916 -0.397271
0.917 -0.395612
0.918 -0.393947
0.919 -0.392274
0.92 -0.390595
0.921 -0.388909
0.922 -0.387216
0.923 -0.385516
0.924 -0.383809
0.925 -0.382096
0.926 -0.380377
0.927 -0.378651
0.928 -0.376919
0.929 -0.37518
0.93 -0.373436
0.931 -0.371685
0.932 -0.369928
0.933 -0.368165
0.934 -0.366396
0.935 -0.364622
0.936 -0.362841
0.937 -0.361056
0.938 -0.359264
0.939 -0.357467
0.94 -0.355664
0.941 -0.353857
0.942 -0.352044
0.943 -0.350225
0.944 -0.348402
0.945 -0.346573
0.946 -0.34474
0.947 -0.342902
0.948 -0.341058
0.949 -0.33921
0.95 -0.337358
0.951 -0.335501
0.952 -0.333639
0.953 -0.331773
0.954 -0.329902
0.955 -0.328027
0.956 -0.326148
0.957 -0.324265
0.958 -0.322378
0.959 -0.320487
0.96 -0.318592
0.961 -0.316693
0.962 -0.31479
0.963 -0.312884
0.964 -0.310974
0.965 -0.30906
0.966 -0.307144
0.967 -0.305223
0.968 -0.3033
0.969 -0.301373
0.97 -0.299443
0.971 -0.29751
0.972 -0.295574
0.973 -0.293635
0.974 -0.291693
0.975 -0.289749
0.976 -0.287802
0.977 -0.285852
0.978 -0.2839
0.979 -0.281945
0.98 -0.279988
0.981 -0.278028
0.982 -0.276067
0.983 -0.274103
0.984 -0.272137
0.985 -0.270169
0.986 -0.268199
0.987 -0.266228
0.988 -0.264254
0.989 -0.262279
0.99 -0.260302
0.991 -0.258324
0.992 -0.256344
0.993 -0.254363
0.994 -0.252381
0.995 -0.250397
0.996 -0.248412
0.997 -0.246426
0.998 -0.244439
0.999 -0.242451
