-2 -8
-1.78947 -5.73028
-1.57895 -3.93643
-1.36842 -2.56247
-1.15789 -1.55241
-0.947368 -0.85027
-0.736842 -0.400058
-0.526316 -0.145794
-0.315789 -0.0314915
-0.105263 -0.00116635
0.105263 0.00116635
0.315789 0.0314915
0.526316 0.145794
0.736842 0.400058
0.947368 0.85027
1.15789 1.55241
1.36842 2.56247
1.57895 3.93643
1.78947 5.73028
2 8


-2 -6.12433
-1.999 -6.12278
-1.998 -6.1212
-1.997 -6.1196
-1.996 -6.11797
-1.995 -6.11631
-1.994 -6.11463
-1.993 -6.11292
-1.992 -6.11119
-1.991 -6.10943
-1.99 -6.10764
-1.989 -6.10583
-1.988 -6.10399
-1.987 -6.10212
-1.986 -6.10023
-1.985 -6.09832
-1.984 -6.09637
-1.983 -6.09441
-1.982 -6.09241
-1.981 -6.09039
-1.98 -6.08835
-1.979 -6.08627
-1.978 -6.08418
-1.977 -6.08205
-1.976 -6.07991
-1.975 -6.07773
-1.974 -6.07553
-1.973 -6.07331
-1.972 -6.07106
-1.971 -6.06878
-1.97 -6.06648
-1.969 -6.06415
-1.968 -6.0618
-1.967 -6.05942
-1.966 -6.05702
-1.965 -6.05459
-1.964 -6.05214
-1.963 -6.04966
-1.962 -6.04716
-1.961 -6.04463
-1.96 -6.04207
-1.959 -6.0395
-1.958 -6.03689
-1.957 -6.03427
-1.956 -6.03161
-1.955 -6.02894
-1.954 -6.02623
-1.953 -6.02351
-1.952 -6.02076
-1.951 -6.01798
-1.95 -6.01518
-1.949 -6.01235
-1.948 -6.0095
-1.947 -6.00663
-1.946 -6.00373
-1.945 -6.00081
-1.944 -5.99786
-1.943 -5.99489
-1.942 -5.9919
-1.941 -5.98888
-1.94 -5.98584
-1.939 -5.98277
-1.938 -5.97968
-1.937 -5.97656
-1.936 -5.97342
-1.935 -5.97026
-1.934 -5.96708
-1.933 -5.96387
-1.932 -5.96063
-1.931 -5.95738
-1.93 -5.9541
-1.929 -5.95079
-1.928 -5.94746
-1.927 -5.94411
-1.926 -5.94074
-1.925 -5.93734
-1.924 -5.93392
-1.923 -5.93048
-1.922 -5.92701
-1.921 -5.92353
-1.92 -5.92001
-1.919 -5.91648
-1.918 -5.91292
-1.917 -5.90934
-1.916 -5.90574
-1.915 -5.90211
-1.914 -5.89846
-1.913 -5.89479
-1.912 -5.8911
-1.911 -5.88738
-1.91 -5.88365
-1.909 -5.87989
-1.908 -5.8761
-1.907 -5.8723
-1.906 -5.86847
-1.905 -5.86462
-1.904 -5.86075
-1.903 -5.85686
-1.902 -5.85295
-1.901 -5.84901
-1.9 -5.84505
-1.899 -5.84108
-1.898 -5.83707
-1.897 -5.83305
-1.896 -5.82901
-1.895 -5.82494
-1.894 -5.82086
-1.893 -5.81675
-1.892 -5.81262
-1.891 -5.80847
-1.89 -5.8043
-1.889 -5.80011
-1.888 -5.7959
-1.887 -5.79167
-1.886 -5.78741
-1.885 -5.78314
-1.884 -5.77884
-1.883 -5.77453
-1.882 -5.77019
-1.881 -5.76584
-1.88 -5.76146
-1.879 -5.75706
-1.878 -5.75265
-1.877 -5.74821
-1.876 -5.74375
-1.875 -5.73928
-1.874 -5.73478
-1.873 -5.73026
-1.872 -5.72573
-1.871 -5.72117
-1.87 -5.71659
-1.869 -5.712
-1.868 -5.70738
-1.867 -5.70275
-1.866 -5.6981
-1.865 -5.69343
-1.864 -5.68873
-1.863 -5.68402
-1.862 -5.67929
-1.861 -5.67455
-1.86 -5.66978
-1.859 -5.66499
-1.858 -5.66019
-1.857 -5.65537
-1.856 -5.65052
-1.855 -5.64566
-1.854 -5.64079
-1.853 -5.63589
-1.852 -5.63097
-1.851 -5.62604
-1.85 -5.62109
-1.849 -5.61612
-1.848 -5.61113
-1.847 -5.60613
-1.846 -5.60111
-1.845 -5.59607
-1.844 -5.59101
-1.843 -5.58593
-1.842 -5.58084
-1.841 -5.57573
-1.84 -5.5706
-1.839 -5.56546
-1.838 -5.5603
-1.837 -5.55512
-1.836 -5.54992
-1.835 -5.54471
-1.834 -5.53948
-1.833 -5.53423
-1.832 -5.52897
-1.831 -5.52369
-1.83 -5.5184
-1.829 -5.51308
-1.828 -5.50776
-1.827 -5.50241
-1.826 -5.49705
-1.825 -5.49168
-1.824 -5.48628
-1.823 -5.48087
-1.822 -5.47545
-1.821 -5.47001
-1.82 -5.46455
-1.819 -5.45908
-1.818 -5.4536
-1.817 -5.44809
-1.816 -5.44258
-1.815 -5.43704
-1.814 -5.4315
-1.813 -5.42593
-1.812 -5.42036
-1.811 -5.41476
-1.81 -5.40916
-1.809 -5.40353
-1.808 -5.3979
-1.807 -5.39225
-1.806 -5.38658
-1.805 -5.3809
-1.804 -5.3752
-1.803 -5.3695
-1.802 -5.36377
-1.801 -5.35804
-1.8 -5.35228
-1.799 -5.34652
-1.798 -5.34074
-1.797 -5.33495
-1.796 -5.32914
-1.795 -5.32332
-1.794 -5.31749
-1.793 -5.31164
-1.792 -5.30578
-1.791 -5.29991
-1.79 -5.29403
-1.789 -5.28813
-1.788 -5.28221
-1.787 -5.27629
-1.786 -5.27035
-1.785 -5.2644
-1.784 -5.25844
-1.783 -5.25246
-1.782 -5.24648
-1.781 -5.24048
-1.78 -5.23446
-1.779 -5.22844
-1.778 -5.2224
-1.777 -5.21635
-1.776 -5.21029
-1.775 -5.20422
-1.774 -5.19813
-1.773 -5.19204
-1.772 -5.18593
-1.771 -5.17981
-1.77 -5.17368
-1.769 -5.16754
-1.768 -5.16139
-1.767 -5.15522
-1.766 -5.14905
-1.765 -5.14286
-1.764 -5.13666
-1.763 -5.13045
-1.762 -5.12424
-1.761 -5.11801
-1.76 -5.11177
-1.759 -5.10552
-1.758 -5.09926
-1.757 -5.09298
-1.756 -5.0867
-1.755 -5.08041
-1.754 -5.07411
-1.753 -5.0678
-1.752 -5.06148
-1.751 -5.05514
-1.75 -5.0488
-1.749 -5.04245
-1.748 -5.03609
-1.747 -5.02972
-1.746 -5.02334
-1.745 -5.01696
-1.744 -5.01056
-1.743 -5.00415
-1.742 -4.99774
-1.741 -4.99131
-1.74 -4.98488
-1.739 -4.97844
-1.738 -4.97198
-1.737 -4.96552
-1.736 -4.95906
-1.735 -4.95258
-1.734 -4.94609
-1.733 -4.9396
-1.732 -4.9331
-1.731 -4.92659
-1.73 -4.92007
-1.729 -4.91355
-1.728 -4.90701
-1.727 -4.90047
-1.726 -4.89392
-1.725 -4.88737
-1.724 -4.8808
-1.723 -4.87423
-1.722 -4.86765
-1.721 -4.86107
-1.72 -4.85447
-1.719 -4.84787
-1.718 -4.84127
-1.717 -4.83465
-1.716 -4.82803
-1.715 -4.8214
-1.714 -4.81477
-1.713 -4.80812
-1.712 -4.80148
-1.711 -4.79482
-1.71 -4.78816
-1.709 -4.78149
-1.708 -4.77482
-1.707 -4.76814
-1.706 -4.76145
-1.705 -4.75476
-1.704 -4.74807
-1.703 -4.74136
-1.702 -4.73465
-1.701 -4.72794
-1.7 -4.72122
-1.699 -4.71449
-1.698 -4.70776
-1.697 -4.70102
-1.696 -4.69428
-1.695 -4.68754
-1.694 -4.68078
-1.693 -4.67403
-1.692 -4.66726
-1.691 -4.6605
-1.69 -4.65372
-1.689 -4.64695
-1.688 -4.64017
-1.687 -4.63338
-1.686 -4.62659
-1.685 -4.6198
-1.684 -4.613
-1.683 -4.60619
-1.682 -4.59939
-1.681 -4.59258
-1.68 -4.58576
-1.679 -4.57894
-1.678 -4.57212
-1.677 -4.56529
-1.676 -4.55846
-1.675 -4.55162
-1.674 -4.54479
-1.673 -4.53794
-1.672 -4.5311
-1.671 -4.52425
-1.67 -4.5174
-1.669 -4.51055
-1.668 -4.50369
-1.667 -4.49683
-1.666 -4.48996
-1.665 -4.4831
-1.664 -4.47623
-1.663 -4.46935
-1.662 -4.46248
-1.661 -4.4556
-1.66 -4.44872
-1.659 -4.44184
-1.658 -4.43495
-1.657 -4.42807
-1.656 -4.42118
-1.655 -4.41429
-1.654 -4.40739
-1.653 -4.4005
-1.652 -4.3936
-1.651 -4.3867
-1.65 -4.3798
-1.649 -4.37289
-1.648 -4.36599
-1.647 -4.35908
-1.646 -4.35217
-1.645 -4.34527
-1.644 -4.33835
-1.643 -4.33144
-1.642 -4.32453
-1.641 -4.31761
-1.64 -4.3107
-1.639 -4.30378
-1.638 -4.29686
-1.637 -4.28995
-1.636 -4.28303
-1.635 -4.27611
-1.634 -4.26918
-1.633 -4.26226
-1.632 -4.25534
-1.631 -4.24842
-1.63 -4.24149
-1.629 -4.23457
-1.628 -4.22765
-1.627 -4.22072
-1.626 -4.2138
-1.625 -4.20687
-1.624 -4.19995
-1.623 -4.19303
-1.622 -4.1861
-1.621 -4.17918
-1.62 -4.17225
-1.619 -4.16533
-1.618 -4.15841
-1.617 -4.15148
-1.616 -4.14456
-1.615 -4.13764
-1.614 -4.13072
-1.613 -4.12379
-1.612 -4.11687
-1.611 -4.10995
-1.61 -4.10304
-1.609 -4.09612
-1.608 -4.0892
-1.607 -4.08229
-1.606 -4.07537
-1.605 -4.06846
-1.604 -4.06154
-1.603 -4.05463
-1.602 -4.04772
-1.601 -4.04082
-1.6 -4.03391
-1.599 -4.027
-1.598 -4.0201
-1.597 -4.0132
-1.596 -4.00629
-1.595 -3.9994
-1.594 -3.9925
-1.593 -3.9856
-1.592 -3.97871
-1.591 -3.97182
-1.59 -3.96493
-1.589 -3.95804
-1.588 -3.95115
-1.587 -3.94427
-1.586 -3.93739
-1.585 -3.93051
-1.584 -3.92363
-1.583 -3.91676
-1.582 -3.90989
-1.581 -3.90302
-1.58 -3.89615
-1.579 -3.88929
-1.578 -3.88242
-1.577 -3.87556
-1.576 -3.86871
-1.575 -3.86186
-1.574 -3.855
-1.573 -3.84816
-1.572 -3.84131
-1.571 -3.83447
-1.57 -3.82763
-1.569 -3.8208
-1.568 -3.81396
-1.567 -3.80713
-1.566 -3.80031
-1.565 -3.79349
-1.564 -3.78667
-1.563 -3.77985
-1.562 -3.77304
-1.561 -3.76623
-1.56 -3.75942
-1.559 -3.75262
-1.558 -3.74582
-1.557 -3.73903
-1.556 -3.73224
-1.555 -3.72545
-1.554 -3.71867
-1.553 -3.71189
-1.552 -3.70511
-1.551 -3.69834
-1.55 -3.69157
-1.549 -3.68481
-1.548 -3.67805
-1.547 -3.67129
-1.546 -3.66454
-1.545 -3.6578
-1.544 -3.65105
-1.543 -3.64431
-1.542 -3.63758
-1.541 -3.63085
-1.54 -3.62413
-1.539 -3.6174
-1.538 -3.61069
-1.537 -3.60398
-1.536 -3.59727
-1.535 -3.59057
-1.534 -3.58387
-1.533 -3.57718
-1.532 -3.57049
-1.531 -3.56381
-1.53 -3.55713
-1.529 -3.55045
-1.528 -3.54378
-1.527 -3.53712
-1.526 -3.53046
-1.525 -3.52381
-1.524 -3.51716
-1.523 -3.51052
-1.522 -3.50388
-1.521 -3.49724
-1.52 -3.49062
-1.519 -3.48399
-1.518 -3.47738
-1.517 -3.47076
-1.516 -3.46416
-1.515 -3.45756
-1.514 -3.45096
-1.513 -3.44437
-1.512 -3.43778
-1.511 -3.43121
-1.51 -3.42463
-1.509 -3.41806
-1.508 -3.4115
-1.507 -3.40494
-1.506 -3.39839
-1.505 -3.39185
-1.504 -3.38531
-1.503 -3.37877
-1.502 -3.37225
-1.501 -3.36572
-1.5 -3.35921
-1.499 -3.3527
-1.498 -3.34619
-1.497 -3.3397
-1.496 -3.3332
-1.495 -3.32672
-1.494 -3.32024
-1.493 -3.31376
-1.492 -3.3073
-1.491 -3.30083
-1.49 -3.29438
-1.489 -3.28793
-1.488 -3.28149
-1.487 -3.27505
-1.486 -3.26862
-1.485 -3.2622
-1.484 -3.25578
-1.483 -3.24937
-1.482 -3.24296
-1.481 -3.23656
-1.48 -3.23017
-1.479 -3.22379
-1.478 -3.21741
-1.477 -3.21104
-1.476 -3.20467
-1.475 -3.19831
-1.474 -3.19196
-1.473 -3.18561
-1.472 -3.17928
-1.471 -3.17294
-1.47 -3.16662
-1.469 -3.1603
-1.468 -3.15399
-1.467 -3.14768
-1.466 -3.14138
-1.465 -3.13509
-1.464 -3.12881
-1.463 -3.12253
-1.462 -3.11626
-1.461 -3.11
-1.46 -3.10374
-1.459 -3.09749
-1.458 -3.09125
-1.457 -3.08501
-1.456 -3.07878
-1.455 -3.07256
-1.454 -3.06635
-1.453 -3.06014
-1.452 -3.05394
-1.451 -3.04774
-1.45 -3.04156
-1.449 -3.03538
-1.448 -3.02921
-1.447 -3.02304
-1.446 -3.01689
-1.445 -3.01074
-1.444 -3.00459
-1.443 -2.99846
-1.442 -2.99233
-1.441 -2.98621
-1.44 -2.9801
-1.439 -2.97399
-1.438 -2.96789
-1.437 -2.9618
-1.436 -2.95572
-1.435 -2.94964
-1.434 -2.94357
-1.433 -2.93751
-1.432 -2.93146
-1.431 -2.92541
-1.43 -2.91937
-1.429 -2.91334
-1.428 -2.90732
-1.427 -2.9013
-1.426 -2.89529
-1.425 -2.88929
-1.424 -2.8833
-1.423 -2.87731
-1.422 -2.87134
-1.421 -2.86536
-1.42 -2.8594
-1.419 -2.85345
-1.418 -2.8475
-1.417 -2.84156
-1.416 -2.83563
-1.415 -2.8297
-1.414 -2.82379
-1.413 -2.81788
-1.412 -2.81198
-1.411 -2.80608
-1.41 -2.8002
-1.409 -2.79432
-1.408 -2.78845
-1.407 -2.78259
-1.406 -2.77673
-1.405 -2.77089
-1.404 -2.76505
-1.403 -2.75922
-1.402 -2.75339
-1.401 -2.74758
-1.4 -2.74177
-1.399 -2.73597
-1.398 -2.73018
-1.397 -2.72439
-1.396 -2.71862
-1.395 -2.71285
-1.394 -2.70709
-1.393 -2.70134
-1.392 -2.69559
-1.391 -2.68986
-1.39 -2.68413
-1.389 -2.67841
-1.388 -2.6727
-1.387 -2.66699
-1.386 -2.6613
-1.385 -2.65561
-1.384 -2.64993
-1.383 -2.64426
-1.382 -2.63859
-1.381 -2.63294
-1.38 -2.62729
-1.379 -2.62165
-1.378 -2.61602
-1.377 -2.61039
-1.376 -2.60478
-1.375 -2.59917
-1.374 -2.59357
-1.373 -2.58798
-1.372 -2.58239
-1.371 -2.57682
-1.37 -2.57125
-1.369 -2.56569
-1.368 -2.56014
-1.367 -2.55459
-1.366 -2.54906
-1.365 -2.54353
-1.364 -2.53801
-1.363 -2.5325
-1.362 -2.527
-1.361 -2.5215
-1.36 -2.51601
-1.359 -2.51054
-1.358 -2.50506
-1.357 -2.4996
-1.356 -2.49415
-1.355 -2.4887
-1.354 -2.48326
-1.353 -2.47783
-1.352 -2.47241
-1.351 -2.467
-1.35 -2.46159
-1.349 -2.45619
-1.348 -2.4508
-1.347 -2.44542
-1.346 -2.44005
-1.345 -2.43468
-1.344 -2.42933
-1.343 -2.42398
-1.342 -2.41864
-1.341 -2.41331
-1.34 -2.40798
-1.339 -2.40266
-1.338 -2.39736
-1.337 -2.39206
-1.336 -2.38676
-1.335 -2.38148
-1.334 -2.3762
-1.333 -2.37094
-1.332 -2.36568
-1.331 -2.36043
-1.33 -2.35518
-1.329 -2.34995
-1.328 -2.34472
-1.327 -2.3395
-1.326 -2.33429
-1.325 -2.32909
-1.324 -2.32389
-1.323 -2.31871
-1.322 -2.31353
-1.321 -2.30836
-1.32 -2.3032
-1.319 -2.29804
-1.318 -2.2929
-1.317 -2.28776
-1.316 -2.28263
-1.315 -2.27751
-1.314 -2.27239
-1.313 -2.26729
-1.312 -2.26219
-1.311 -2.2571
-1.31 -2.25202
-1.309 -2.24695
-1.308 -2.24188
-1.307 -2.23683
-1.306 -2.23178
-1.305 -2.22674
-1.304 -2.2217
-1.303 -2.21668
-1.302 -2.21166
-1.301 -2.20665
-1.3 -2.20165
-1.299 -2.19666
-1.298 -2.19168
-1.297 -2.1867
-1.296 -2.18173
-1.295 -2.17677
-1.294 -2.17182
-1.293 -2.16687
-1.292 -2.16194
-1.291 -2.15701
-1.29 -2.15209
-1.289 -2.14718
-1.288 -2.14227
-1.287 -2.13738
-1.286 -2.13249
-1.285 -2.12761
-1.284 -2.12273
-1.283 -2.11787
-1.282 -2.11301
-1.281 -2.10816
-1.28 -2.10332
-1.279 -2.09849
-1.278 -2.09367
-1.277 -2.08885
-1.276 -2.08404
-1.275 -2.07924
-1.274 -2.07445
-1.273 -2.06966
-1.272 -2.06488
-1.271 -2.06011
-1.27 -2.05535
-1.269 -2.0506
-1.268 -2.04585
-1.267 -2.04111
-1.266 -2.03638
-1.265 -2.03166
-1.264 -2.02695
-1.263 -2.02224
-1.262 -2.01754
-1.261 -2.01285
-1.26 -2.00817
-1.259 -2.00349
-1.258 -1.99882
-1.257 -1.99416
-1.256 -1.98951
-1.255 -1.98487
-1.254 -1.98023
-1.253 -1.9756
-1.252 -1.97098
-1.251 -1.96637
-1.25 -1.96176
-1.249 -1.95717
-1.248 -1.95258
-1.247 -1.94799
-1.246 -1.94342
-1.245 -1.93885
-1.244 -1.93429
-1.243 -1.92974
-1.242 -1.9252
-1.241 -1.92066
-1.24 -1.91613
-1.239 -1.91161
-1.238 -1.9071
-1.237 -1.90259
-1.236 -1.8981
-1.235 -1.89361
-1.234 -1.88912
-1.233 -1.88465
-1.232 -1.88018
-1.231 -1.87572
-1.23 -1.87127
-1.229 -1.86683
-1.228 -1.86239
-1.227 -1.85796
-1.226 -1.85354
-1.225 -1.84912
-1.224 -1.84472
-1.223 -1.84032
-1.222 -1.83593
-1.221 -1.83154
-1.22 -1.82716
-1.219 -1.8228
-1.218 -1.81843
-1.217 -1.81408
-1.216 -1.80973
-1.215 -1.80539
-1.214 -1.80106
-1.213 -1.79674
-1.212 -1.79242
-1.211 -1.78811
-1.21 -1.78381
-1.209 -1.77951
-1.208 -1.77523
-1.207 -1.77095
-1.206 -1.76668
-1.205 -1.76241
-1.204 -1.75815
-1.203 -1.7539
-1.202 -1.74966
-1.201 -1.74542
-1.2 -1.7412
-1.199 -1.73697
-1.198 -1.73276
-1.197 -1.72855
-1.196 -1.72436
-1.195 -1.72016
-1.194 -1.71598
-1.193 -1.7118
-1.192 -1.70763
-1.191 -1.70347
-1.19 -1.69931
-1.189 -1.69517
-1.188 -1.69103
-1.187 -1.68689
-1.186 -1.68276
-1.185 -1.67865
-1.184 -1.67453
-1.183 -1.67043
-1.182 -1.66633
-1.181 -1.66224
-1.18 -1.65816
-1.179 -1.65408
-1.178 -1.65001
-1.177 -1.64595
-1.176 -1.64189
-1.175 -1.63785
-1.174 -1.63381
-1.173 -1.62977
-1.172 -1.62575
-1.171 -1.62173
-1.17 -1.61771
-1.169 -1.61371
-1.168 -1.60971
-1.167 -1.60572
-1.166 -1.60174
-1.165 -1.59776
-1.164 -1.59379
-1.163 -1.58983
-1.162 -1.58587
-1.161 -1.58192
-1.16 -1.57798
-1.159 -1.57404
-1.158 -1.57012
-1.157 -1.56619
-1.156 -1.56228
-1.155 -1.55837
-1.154 -1.55447
-1.153 -1.55058
-1.152 -1.54669
-1.151 -1.54281
-1.15 -1.53894
-1.149 -1.53507
-1.148 -1.53121
-1.147 -1.52736
-1.146 -1.52352
-1.145 -1.51968
-1.144 -1.51585
-1.143 -1.51202
-1.142 -1.5082
-1.141 -1.50439
-1.14 -1.50059
-1.139 -1.49679
-1.138 -1.493
-1.137 -1.48922
-1.136 -1.48544
-1.135 -1.48167
-1.134 -1.4779
-1.133 -1.47415
-1.132 -1.4704
-1.131 -1.46665
-1.13 -1.46292
-1.129 -1.45919
-1.128 -1.45546
-1.127 -1.45175
-1.126 -1.44804
-1.125 -1.44433
-1.124 -1.44064
-1.123 -1.43695
-1.122 -1.43326
-1.121 -1.42959
-1.12 -1.42592
-1.119 -1.42225
-1.118 -1.4186
-1.117 -1.41494
-1.116 -1.4113
-1.115 -1.40766
-1.114 -1.40403
-1.113 -1.40041
-1.112 -1.39679
-1.111 -1.39318
-1.11 -1.38958
-1.109 -1.38598
-1.108 -1.38239
-1.107 -1.3788
-1.106 -1.37522
-1.105 -1.37165
-1.104 -1.36809
-1.103 -1.36453
-1.102 -1.36098
-1.101 -1.35743
-1.1 -1.35389
-1.099 -1.35036
-1.098 -1.34683
-1.097 -1.34331
-1.096 -1.3398
-1.095 -1.33629
-1.094 -1.33279
-1.093 -1.3293
-1.092 -1.32581
-1.091 -1.32233
-1.09 -1.31885
-1.089 -1.31538
-1.088 -1.31192
-1.087 -1.30846
-1.086 -1.30501
-1.085 -1.30157
-1.084 -1.29813
-1.083 -1.2947
-1.082 -1.29128
-1.081 -1.28786
-1.08 -1.28445
-1.079 -1.28104
-1.078 -1.27764
-1.077 -1.27425
-1.076 -1.27086
-1.075 -1.26748
-1.074 -1.26411
-1.073 -1.26074
-1.072 -1.25738
-1.071 -1.25402
-1.07 -1.25067
-1.069 -1.24733
-1.068 -1.24399
-1.067 -1.24066
-1.066 -1.23734
-1.065 -1.23402
-1.064 -1.23071
-1.063 -1.2274
-1.062 -1.2241
-1.061 -1.22081
-1.06 -1.21752
-1.059 -1.21424
-1.058 -1.21097
-1.057 -1.2077
-1.056 -1.20443
-1.055 -1.20118
-1.054 -1.19793
-1.053 -1.19468
-1.052 -1.19144
-1.051 -1.18821
-1.05 -1.18498
-1.049 -1.18176
-1.048 -1.17855
-1.047 -1.17534
-1.046 -1.17214
-1.045 -1.16894
-1.044 -1.16575
-1.043 -1.16257
-1.042 -1.15939
-1.041 -1.15622
-1.04 -1.15305
-1.039 -1.14989
-1.038 -1.14674
-1.037 -1.14359
-1.036 -1.14045
-1.035 -1.13731
-1.034 -1.13418
-1.033 -1.13106
-1.032 -1.12794
-1.031 -1.12483
-1.03 -1.12172
-1.029 -1.11862
-1.028 -1.11553
-1.027 -1.11244
-1.026 -1.10935
-1.025 -1.10628
-1.024 -1.10321
-1.023 -1.10014
-1.022 -1.09708
-1.021 -1.09403
-1.02 -1.09098
-1.019 -1.08794
-1.018 -1.0849
-1.017 -1.08187
-1.016 -1.07885
-1.015 -1.07583
-1.014 -1.07282
-1.013 -1.06981
-1.012 -1.06681
-1.011 -1.06382
-1.01 -1.06083
-1.009 -1.05785
-1.008 -1.05487
-1.007 -1.0519
-1.006 -1.04893
-1.005 -1.04597
-1.004 -1.04302
-1.003 -1.04007
-1.002 -1.03713
-1.001 -1.03419
-1 -1.03126
-0.999 -1.02833
-0.998 -1.02541
-0.997 -1.0225
-0.996 -1.01959
-0.995 -1.01669
-0.994 -1.01379
-0.993 -1.0109
-0.992 -1.00801
-0.991 -1.00513
-0.99 -1.00226
-0.989 -0.99939
-0.988 -0.996528
-0.987 -0.99367
-0.986 -0.990819
-0.985 -0.987973
-0.984 -0.985133
-0.983 -0.982298
-0.982 -0.979469
-0.981 -0.976646
-0.98 -0.973829
-0.979 -0.971017
-0.978 -0.96821
-0.977 -0.965409
-0.976 -0.962614
-0.975 -0.959825
-0.974 -0.957041
-0.973 -0.954262
-0.972 -0.951489
-0.971 -0.948722
-0.97 -0.94596
-0.969 -0.943204
-0.968 -0.940454
-0.967 -0.937709
-0.966 -0.934969
-0.965 -0.932235
-0.964 -0.929507
-0.963 -0.926784
-0.962 -0.924067
-0.961 -0.921355
-0.96 -0.918649
-0.959 -0.915948
-0.958 -0.913253
-0.957 -0.910563
-0.956 -0.907879
-0.955 -0.9052
-0.954 -0.902527
-0.953 -0.899859
-0.952 -0.897197
-0.951 -0.89454
-0.95 -0.891889
-0.949 -0.889243
-0.948 -0.886602
-0.947 -0.883967
-0.946 -0.881338
-0.945 -0.878713
-0.944 -0.876095
-0.943 -0.873482
-0.942 -0.870874
-0.941 -0.868271
-0.94 -0.865674
-0.939 -0.863083
-0.938 -0.860497
-0.937 -0.857916
-0.936 -0.85534
-0.935 -0.85277
-0.934 -0.850206
-0.933 -0.847647
-0.932 -0.845093
-0.931 -0.842544
-0.93 -0.840001
-0.929 -0.837463
-0.928 -0.834931
-0.927 -0.832404
-0.926 -0.829882
-0.925 -0.827366
-0.924 -0.824855
-0.923 -0.822349
-0.922 -0.819849
-0.921 -0.817354
-0.92 -0.814864
-0.919 -0.812379
-0.918 -0.8099
-0.917 -0.807427
-0.916 -0.804958
-0.915 -0.802495
-0.914 -0.800037
-0.913 -0.797584
-0.912 -0.795137
-0.911 -0.792695
-0.91 -0.790258
-0.909 -0.787826
-0.908 -0.7854
-0.907 -0.782979
-0.906 -0.780563
-0.905 -0.778153
-0.904 -0.775748
-0.903 -0.773347
-0.902 -0.770953
-0.901 -0.768563
-0.9 -0.766179
-0.899 -0.7638
-0.898 -0.761426
-0.897 -0.759057
-0.896 -0.756693
-0.895 -0.754335
-0.894 -0.751982
-0.893 -0.749634
-0.892 -0.747291
-0.891 -0.744954
-0.89 -0.742622
-0.889 -0.740294
-0.888 -0.737972
-0.887 -0.735656
-0.886 -0.733344
-0.885 -0.731037
-0.884 -0.728736
-0.883 -0.72644
-0.882 -0.724149
-0.881 -0.721863
-0.88 -0.719582
-0.879 -0.717306
-0.878 -0.715036
-0.877 -0.71277
-0.876 -0.71051
-0.875 -0.708255
-0.874 -0.706005
-0.873 -0.70376
-0.872 -0.70152
-0.871 -0.699285
-0.87 -0.697056
-0.869 -0.694831
-0.868 -0.692612
-0.867 -0.690397
-0.866 -0.688188
-0.865 -0.685984
-0.864 -0.683784
-0.863 -0.68159
-0.862 -0.679401
-0.861 -0.677217
-0.86 -0.675038
-0.859 -0.672864
-0.858 -0.670695
-0.857 -0.668532
-0.856 -0.666373
-0.855 -0.664219
-0.854 -0.66207
-0.853 -0.659927
-0.852 -0.657788
-0.851 -0.655654
-0.85 -0.653526
-0.849 -0.651402
-0.848 -0.649283
-0.847 -0.647169
-0.846 -0.645061
-0.845 -0.642957
-0.844 -0.640858
-0.843 -0.638765
-0.842 -0.636676
-0.841 -0.634592
-0.84 -0.632513
-0.839 -0.630439
-0.838 -0.62837
-0.837 -0.626306
-0.836 -0.624247
-0.835 -0.622193
-0.834 -0.620144
-0.833 -0.6181
-0.832 -0.616061
-0.831 -0.614027
-0.83 -0.611997
-0.829 -0.609973
-0.828 -0.607953
-0.827 -0.605938
-0.826 -0.603929
-0.825 -0.601924
-0.824 -0.599924
-0.823 -0.597929
-0.822 -0.595939
-0.821 -0.593954
-0.82 -0.591973
-0.819 -0.589998
-0.818 -0.588027
-0.817 -0.586061
-0.816 -0.5841
-0.815 -0.582144
-0.814 -0.580193
-0.813 -0.578247
-0.812 -0.576306
-0.811 -0.574369
-0.81 -0.572437
-0.809 -0.57051
-0.808 -0.568588
-0.807 -0.566671
-0.806 -0.564758
-0.805 -0.562851
-0.804 -0.560948
-0.803 -0.55905
-0.802 -0.557157
-0.801 -0.555268
-0.8 -0.553385
-0.799 -0.551506
-0.798 -0.549632
-0.797 -0.547763
-0.796 -0.545899
-0.795 -0.544039
-0.794 -0.542184
-0.793 -0.540334
-0.792 -0.538489
-0.791 -0.536648
-0.79 -0.534812
-0.789 -0.532981
-0.788 -0.531155
-0.787 -0.529333
-0.786 -0.527517
-0.785 -0.525704
-0.784 -0.523897
-0.783 -0.522095
-0.782 -0.520297
-0.781 -0.518503
-0.78 -0.516715
-0.779 -0.514931
-0.778 -0.513152
-0.777 -0.511378
-0.776 -0.509608
-0.775 -0.507843
-0.774 -0.506083
-0.773 -0.504328
-0.772 -0.502577
-0.771 -0.50083
-0.77 -0.499089
-0.769 -0.497352
-0.768 -0.49562
-0.767 -0.493892
-0.766 -0.49217
-0.765 -0.490451
-0.764 -0.488738
-0.763 -0.487029
-0.762 -0.485324
-0.761 -0.483625
-0.76 -0.48193
-0.759 -0.480239
-0.758 -0.478554
-0.757 -0.476872
-0.756 -0.475196
-0.755 -0.473524
-0.754 -0.471857
-0.753 -0.470194
-0.752 -0.468536
-0.751 -0.466882
-0.75 -0.465233
-0.749 -0.463589
-0.748 -0.461949
-0.747 -0.460314
-0.746 -0.458683
-0.745 -0.457057
-0.744 -0.455436
-0.743 -0.453819
-0.742 -0.452206
-0.741 -0.450598
-0.74 -0.448995
-0.739 -0.447396
-0.738 -0.445802
-0.737 -0.444212
-0.736 -0.442627
-0.735 -0.441046
-0.734 -0.43947
-0.733 -0.437899
-0.732 -0.436331
-0.731 -0.434769
-0.73 -0.433211
-0.729 -0.431657
-0.728 -0.430108
-0.727 -0.428563
-0.726 -0.427023
-0.725 -0.425487
-0.724 -0.423956
-0.723 -0.422429
-0.722 -0.420907
-0.721 -0.419389
-0.72 -0.417876
-0.719 -0.416367
-0.718 -0.414862
-0.717 -0.413362
-0.716 -0.411866
-0.715 -0.410375
-0.714 -0.408888
-0.713 -0.407406
-0.712 -0.405928
-0.711 -0.404455
-0.71 -0.402985
-0.709 -0.401521
-0.708 -0.40006
-0.707 -0.398604
-0.706 -0.397153
-0.705 -0.395706
-0.704 -0.394263
-0.703 -0.392825
-0.702 -0.39139
-0.701 -0.389961
-0.7 -0.388535
-0.699 -0.387115
-0.698 -0.385698
-0.697 -0.384286
-0.696 -0.382878
-0.695 -0.381474
-0.694 -0.380075
-0.693 -0.37868
-0.692 -0.377289
-0.691 -0.375903
-0.69 -0.374521
-0.689 -0.373143
-0.688 -0.37177
-0.687 -0.370401
-0.686 -0.369036
-0.685 -0.367676
-0.684 -0.366319
-0.683 -0.364968
-0.682 -0.36362
-0.681 -0.362276
-0.68 -0.360937
-0.679 -0.359602
-0.678 -0.358272
-0.677 -0.356946
-0.676 -0.355623
-0.675 -0.354306
-0.674 -0.352992
-0.673 -0.351682
-0.672 -0.350377
-0.671 -0.349076
-0.67 -0.34778
-0.669 -0.346487
-0.668 -0.345199
-0.667 -0.343915
-0.666 -0.342635
-0.665 -0.341359
-0.664 -0.340087
-0.663 -0.33882
-0.662 -0.337557
-0.661 -0.336298
-0.66 -0.335043
-0.659 -0.333792
-0.658 -0.332546
-0.657 -0.331303
-0.656 -0.330065
-0.655 -0.328831
-0.654 -0.327601
-0.653 -0.326375
-0.652 -0.325153
-0.651 -0.323936
-0.65 -0.322722
-0.649 -0.321513
-0.648 -0.320307
-0.647 -0.319106
-0.646 -0.317909
-0.645 -0.316716
-0.644 -0.315527
-0.643 -0.314342
-0.642 -0.313161
-0.641 -0.311985
-0.64 -0.310812
-0.639 -0.309643
-0.638 -0.308479
-0.637 -0.307318
-0.636 -0.306162
-0.635 -0.30501
-0.634 -0.303861
-0.633 -0.302717
-0.632 -0.301576
-0.631 -0.30044
-0.63 -0.299308
-0.629 -0.29818
-0.628 -0.297055
-0.627 -0.295935
-0.626 -0.294819
-0.625 -0.293706
-0.624 -0.292598
-0.623 -0.291493
-0.622 -0.290393
-0.621 -0.289297
-0.62 -0.288204
-0.619 -0.287115
-0.618 -0.286031
-0.617 -0.28495
-0.616 -0.283873
-0.615 -0.282801
-0.614 -0.281732
-0.613 -0.280667
-0.612 -0.279606
-0.611 -0.278549
-0.61 -0.277495
-0.609 -0.276446
-0.608 -0.275401
-0.607 -0.274359
-0.606 -0.273321
-0.605 -0.272287
-0.604 -0.271257
-0.603 -0.270231
-0.602 -0.269209
-0.601 -0.268191
-0.6 -0.267176
-0.599 -0.266166
-0.598 -0.265159
-0.597 -0.264156
-0.596 -0.263157
-0.595 -0.262161
-0.594 -0.26117
-0.593 -0.260182
-0.592 -0.259198
-0.591 -0.258218
-0.59 -0.257241
-0.589 -0.256269
-0.588 -0.2553
-0.587 -0.254335
-0.586 -0.253374
-0.585 -0.252416
-0.584 -0.251462
-0.583 -0.250513
-0.582 -0.249566
-0.581 -0.248624
-0.58 -0.247685
-0.579 -0.24675
-0.578 -0.245819
-0.577 -0.244891
-0.576 -0.243967
-0.575 -0.243047
-0.574 -0.242131
-0.573 -0.241218
-0.572 -0.240309
-0.571 -0.239403
-0.57 -0.238502
-0.569 -0.237604
-0.568 -0.236709
-0.567 -0.235818
-0.566 -0.234931
-0.565 -0.234048
-0.564 -0.233168
-0.563 -0.232292
-0.562 -0.231419
-0.561 -0.230551
-0.56 -0.229685
-0.559 -0.228824
-0.558 -0.227966
-0.557 -0.227111
-0.556 -0.22626
-0.555 -0.225413
-0.554 -0.224569
-0.553 -0.223729
-0.552 -0.222893
-0.551 -0.22206
-0.55 -0.22123
-0.549 -0.220405
-0.548 -0.219582
-0.547 -0.218763
-0.546 -0.217948
-0.545 -0.217137
-0.544 -0.216328
-0.543 -0.215524
-0.542 -0.214723
-0.541 -0.213925
-0.54 -0.213131
-0.539 -0.21234
-0.538 -0.211553
-0.537 -0.210769
-0.536 -0.209989
-0.535 -0.209213
-0.534 -0.208439
-0.533 -0.20767
-0.532 -0.206903
-0.531 -0.20614
-0.53 -0.205381
-0.529 -0.204625
-0.528 -0.203872
-0.527 -0.203123
-0.526 -0.202377
-0.525 -0.201635
-0.524 -0.200896
-0.523 -0.200161
-0.522 -0.199429
-0.521 -0.1987
-0.52 -0.197975
-0.519 -0.197253
-0.518 -0.196534
-0.517 -0.195819
-0.516 -0.195107
-0.515 -0.194398
-0.514 -0.193693
-0.513 -0.192991
-0.512 -0.192293
-0.511 -0.191597
-0.51 -0.190906
-0.509 -0.190217
-0.508 -0.189532
-0.507 -0.18885
-0.506 -0.188171
-0.505 -0.187496
-0.504 -0.186824
-0.503 -0.186155
-0.502 -0.185489
-0.501 -0.184827
-0.5 -0.184168
-0.499 -0.183512
-0.498 -0.18286
-0.497 -0.18221
-0.496 -0.181564
-0.495 -0.180921
-0.494 -0.180282
-0.493 -0.179645
-0.492 -0.179012
-0.491 -0.178382
-0.49 -0.177755
-0.489 -0.177132
-0.488 -0.176511
-0.487 -0.175894
-0.486 -0.17528
-0.485 -0.174669
-0.484 -0.174061
-0.483 -0.173457
-0.482 -0.172855
-0.481 -0.172257
-0.48 -0.171662
-0.479 -0.17107
-0.478 -0.170481
-0.477 -0.169895
-0.476 -0.169312
-0.475 -0.168733
-0.474 -0.168156
-0.473 -0.167583
-0.472 -0.167012
-0.471 -0.166445
-0.47 -0.165881
-0.469 -0.16532
-0.468 -0.164762
-0.467 -0.164207
-0.466 -0.163655
-0.465 -0.163106
-0.464 -0.16256
-0.463 -0.162017
-0.462 -0.161477
-0.461 -0.16094
-0.46 -0.160406
-0.459 -0.159875
-0.458 -0.159347
-0.457 -0.158823
-0.456 -0.158301
-0.455 -0.157782
-0.454 -0.157266
-0.453 -0.156753
-0.452 -0.156243
-0.451 -0.155736
-0.45 -0.155232
-0.449 -0.15473
-0.448 -0.154232
-0.447 -0.153737
-0.446 -0.153244
-0.445 -0.152755
-0.444 -0.152268
-0.443 -0.151784
-0.442 -0.151304
-0.441 -0.150826
-0.44 -0.150351
-0.439 -0.149878
-0.438 -0.149409
-0.437 -0.148943
-0.436 -0.148479
-0.435 -0.148018
-0.434 -0.14756
-0.433 -0.147105
-0.432 -0.146653
-0.431 -0.146203
-0.43 -0.145757
-0.429 -0.145313
-0.428 -0.144872
-0.427 -0.144434
-0.426 -0.143998
-0.425 -0.143566
-0.424 -0.143136
-0.423 -0.142708
-0.422 -0.142284
-0.421 -0.141863
-0.42 -0.141444
-0.419 -0.141028
-0.418 -0.140614
-0.417 -0.140204
-0.416 -0.139796
-0.415 -0.13939
-0.414 -0.138988
-0.413 -0.138588
-0.412 -0.138191
-0.411 -0.137797
-0.41 -0.137405
-0.409 -0.137016
-0.408 -0.136629
-0.407 -0.136246
-0.406 -0.135865
-0.405 -0.135486
-0.404 -0.13511
-0.403 -0.134737
-0.402 -0.134367
-0.401 -0.133999
-0.4 -0.133634
-0.399 -0.133271
-0.398 -0.132911
-0.397 -0.132554
-0.396 -0.132199
-0.395 -0.131847
-0.394 -0.131497
-0.393 -0.13115
-0.392 -0.130805
-0.391 -0.130463
-0.39 -0.130124
-0.389 -0.129787
-0.388 -0.129453
-0.387 -0.129121
-0.386 -0.128792
-0.385 -0.128465
-0.384 -0.128141
-0.383 -0.127819
-0.382 -0.1275
-0.381 -0.127183
-0.38 -0.126869
-0.379 -0.126557
-0.378 -0.126248
-0.377 -0.125941
-0.376 -0.125637
-0.375 -0.125335
-0.374 -0.125036
-0.373 -0.124739
-0.372 -0.124444
-0.371 -0.124152
-0.37 -0.123862
-0.369 -0.123575
-0.368 -0.12329
-0.367 -0.123008
-0.366 -0.122728
-0.365 -0.12245
-0.364 -0.122175
-0.363 -0.121902
-0.362 -0.121631
-0.361 -0.121363
-0.36 -0.121097
-0.359 -0.120834
-0.358 -0.120572
-0.357 -0.120314
-0.356 -0.120057
-0.355 -0.119803
-0.354 -0.119551
-0.353 -0.119302
-0.352 -0.119055
-0.351 -0.11881
-0.35 -0.118567
-0.349 -0.118327
-0.348 -0.118089
-0.347 -0.117853
-0.346 -0.117619
-0.345 -0.117388
-0.344 -0.117159
-0.343 -0.116932
-0.342 -0.116708
-0.341 -0.116486
-0.34 -0.116266
-0.339 -0.116048
-0.338 -0.115832
-0.337 -0.115619
-0.336 -0.115408
-0.335 -0.115199
-0.334 -0.114992
-0.333 -0.114787
-0.332 -0.114585
-0.331 -0.114384
-0.33 -0.114186
-0.329 -0.11399
-0.328 -0.113796
-0.327 -0.113605
-0.326 -0.113415
-0.325 -0.113228
-0.324 -0.113042
-0.323 -0.112859
-0.322 -0.112678
-0.321 -0.112499
-0.32 -0.112322
-0.319 -0.112147
-0.318 -0.111975
-0.317 -0.111804
-0.316 -0.111636
-0.315 -0.111469
-0.314 -0.111305
-0.313 -0.111142
-0.312 -0.110982
-0.311 -0.110824
-0.31 -0.110667
-0.309 -0.110513
-0.308 -0.110361
-0.307 -0.110211
-0.306 -0.110062
-0.305 -0.109916
-0.304 -0.109772
-0.303 -0.10963
-0.302 -0.109489
-0.301 -0.109351
-0.3 -0.109215
-0.299 -0.10908
-0.298 -0.108948
-0.297 -0.108817
-0.296 -0.108689
-0.295 -0.108562
-0.294 -0.108438
-0.293 -0.108315
-0.292 -0.108194
-0.291 -0.108075
-0.29 -0.107958
-0.289 -0.107843
-0.288 -0.10773
-0.287 -0.107618
-0.286 -0.107509
-0.285 -0.107401
-0.284 -0.107295
-0.283 -0.107191
-0.282 -0.107089
-0.281 -0.106989
-0.28 -0.106891
-0.279 -0.106794
-0.278 -0.106699
-0.277 -0.106606
-0.276 -0.106515
-0.275 -0.106426
-0.274 -0.106338
-0.273 -0.106253
-0.272 -0.106169
-0.271 -0.106086
-0.27 -0.106006
-0.269 -0.105927
-0.268 -0.10585
-0.267 -0.105775
-0.266 -0.105702
-0.265 -0.10563
-0.264 -0.10556
-0.263 -0.105492
-0.262 -0.105426
-0.261 -0.105361
-0.26 -0.105298
-0.259 -0.105236
-0.258 -0.105177
-0.257 -0.105119
-0.256 -0.105062
-0.255 -0.105008
-0.254 -0.104955
-0.253 -0.104903
-0.252 -0.104854
-0.251 -0.104806
-0.25 -0.104759
-0.249 -0.104715
-0.248 -0.104671
-0.247 -0.10463
-0.246 -0.10459
-0.245 -0.104552
-0.244 -0.104515
-0.243 -0.10448
-0.242 -0.104447
-0.241 -0.104415
-0.24 -0.104384
-0.239 -0.104356
-0.238 -0.104328
-0.237 -0.104303
-0.236 -0.104279
-0.235 -0.104256
-0.234 -0.104235
-0.233 -0.104216
-0.232 -0.104198
-0.231 -0.104181
-0.23 -0.104166
-0.229 -0.104153
-0.228 -0.104141
-0.227 -0.10413
-0.226 -0.104122
-0.225 -0.104114
-0.224 -0.104108
-0.223 -0.104104
-0.222 -0.1041
-0.221 -0.104099
-0.22 -0.104099
-0.219 -0.1041
-0.218 -0.104103
-0.217 -0.104107
-0.216 -0.104112
-0.215 -0.104119
-0.214 -0.104128
-0.213 -0.104137
-0.212 -0.104149
-0.211 -0.104161
-0.21 -0.104175
-0.209 -0.104191
-0.208 -0.104207
-0.207 -0.104225
-0.206 -0.104245
-0.205 -0.104265
-0.204 -0.104288
-0.203 -0.104311
-0.202 -0.104336
-0.201 -0.104362
-0.2 -0.104389
-0.199 -0.104418
-0.198 -0.104448
-0.197 -0.10448
-0.196 -0.104512
-0.195 -0.104546
-0.194 -0.104581
-0.193 -0.104618
-0.192 -0.104656
-0.191 -0.104695
-0.19 -0.104735
-0.189 -0.104776
-0.188 -0.104819
-0.187 -0.104863
-0.186 -0.104908
-0.185 -0.104955
-0.184 -0.105003
-0.183 -0.105051
-0.182 -0.105102
-0.181 -0.105153
-0.18 -0.105205
-0.179 -0.105259
-0.178 -0.105314
-0.177 -0.10537
-0.176 -0.105427
-0.175 -0.105485
-0.174 -0.105545
-0.173 -0.105606
-0.172 -0.105667
-0.171 -0.10573
-0.17 -0.105794
-0.169 -0.10586
-0.168 -0.105926
-0.167 -0.105993
-0.166 -0.106062
-0.165 -0.106131
-0.164 -0.106202
-0.163 -0.106274
-0.162 -0.106347
-0.161 -0.106421
-0.16 -0.106496
-0.159 -0.106572
-0.158 -0.106649
-0.157 -0.106727
-0.156 -0.106806
-0.155 -0.106887
-0.154 -0.106968
-0.153 -0.10705
-0.152 -0.107133
-0.151 -0.107218
-0.15 -0.107303
-0.149 -0.107389
-0.148 -0.107477
-0.147 -0.107565
-0.146 -0.107654
-0.145 -0.107745
-0.144 -0.107836
-0.143 -0.107928
-0.142 -0.108021
-0.141 -0.108115
-0.14 -0.10821
-0.139 -0.108306
-0.138 -0.108403
-0.137 -0.108501
-0.136 -0.108599
-0.135 -0.108699
-0.134 -0.1088
-0.133 -0.108901
-0.132 -0.109003
-0.131 -0.109107
-0.13 -0.109211
-0.129 -0.109316
-0.128 -0.109421
-0.127 -0.109528
-0.126 -0.109636
-0.125 -0.109744
-0.124 -0.109853
-0.123 -0.109963
-0.122 -0.110074
-0.121 -0.110186
-0.12 -0.110298
-0.119 -0.110412
-0.118 -0.110526
-0.117 -0.110641
-0.116 -0.110756
-0.115 -0.110873
-0.114 -0.11099
-0.113 -0.111108
-0.112 -0.111227
-0.111 -0.111346
-0.11 -0.111467
-0.109 -0.111588
-0.108 -0.11171
-0.107 -0.111832
-0.106 -0.111955
-0.105 -0.112079
-0.104 -0.112204
-0.103 -0.11233
-0.102 -0.112456
-0.101 -0.112582
-0.1 -0.11271
-0.099 -0.112838
-0.098 -0.112967
-0.097 -0.113097
-0.096 -0.113227
-0.095 -0.113358
-0.094 -0.113489
-0.093 -0.113621
-0.092 -0.113754
-0.091 -0.113888
-0.09 -0.114022
-0.089 -0.114156
-0.088 -0.114292
-0.087 -0.114428
-0.086 -0.114564
-0.085 -0.114701
-0.084 -0.114839
-0.083 -0.114977
-0.082 -0.115116
-0.081 -0.115256
-0.08 -0.115396
-0.079 -0.115536
-0.078 -0.115678
-0.077 -0.115819
-0.076 -0.115961
-0.075 -0.116104
-0.074 -0.116248
-0.073 -0.116391
-0.072 -0.116536
-0.071 -0.116681
-0.07 -0.116826
-0.069 -0.116972
-0.068 -0.117118
-0.067 -0.117265
-0.066 -0.117412
-0.065 -0.11756
-0.064 -0.117708
-0.063 -0.117857
-0.062 -0.118006
-0.061 -0.118156
-0.06 -0.118306
-0.059 -0.118457
-0.058 -0.118608
-0.057 -0.118759
-0.056 -0.118911
-0.055 -0.119063
-0.054 -0.119216
-0.053 -0.119369
-0.052 -0.119522
-0.051 -0.119676
-0.05 -0.11983
-0.049 -0.119985
-0.048 -0.12014
-0.047 -0.120295
-0.046 -0.12045
-0.045 -0.120606
-0.044 -0.120763
-0.043 -0.12092
-0.042 -0.121077
-0.041 -0.121234
-0.04 -0.121392
-0.039 -0.12155
-0.038 -0.121708
-0.037 -0.121866
-0.036 -0.122025
-0.035 -0.122185
-0.034 -0.122344
-0.033 -0.122504
-0.032 -0.122664
-0.031 -0.122824
-0.03 -0.122985
-0.029 -0.123145
-0.028 -0.123306
-0.027 -0.123468
-0.026 -0.123629
-0.025 -0.123791
-0.024 -0.123953
-0.023 -0.124115
-0.022 -0.124278
-0.021 -0.12444
-0.02 -0.124603
-0.019 -0.124766
-0.018 -0.124929
-0.017 -0.125092
-0.016 -0.125256
-0.015 -0.12542
-0.014 -0.125584
-0.013 -0.125748
-0.012 -0.125912
-0.011 -0.126076
-0.01 -0.126241
-0.009 -0.126405
-0.008 -0.12657
-0.007 -0.126735
-0.006 -0.1269
-0.005 -0.127065
-0.004 -0.12723
-0.003 -0.127395
-0.002 -0.12756
-0.001 -0.127726
-1.09253e-13 -0.127891
0.001 -0.128057
0.002 -0.128222
0.003 -0.128388
0.004 -0.128554
0.005 -0.128719
0.006 -0.128885
0.007 -0.129051
0.008 -0.129217
0.009 -0.129383
0.01 -0.129549
0.011 -0.129715
0.012 -0.12988
0.013 -0.130046
0.014 -0.130212
0.015 -0.130378
0.016 -0.130544
0.017 -0.13071
0.018 -0.130876
0.019 -0.131041
0.02 -0.131207
0.021 -0.131373
0.022 -0.131538
0.023 -0.131704
0.024 -0.131869
0.025 -0.132035
0.026 -0.1322
0.027 -0.132365
0.028 -0.13253
0.029 -0.132695
0.03 -0.13286
0.031 -0.133025
0.032 -0.133189
0.033 -0.133354
0.034 -0.133518
0.035 -0.133682
0.036 -0.133847
0.037 -0.134011
0.038 -0.134174
0.039 -0.134338
0.04 -0.134501
0.041 -0.134665
0.042 -0.134828
0.043 -0.134991
0.044 -0.135153
0.045 -0.135316
0.046 -0.135478
0.047 -0.13564
0.048 -0.135802
0.049 -0.135964
0.05 -0.136125
0.051 -0.136286
0.052 -0.136447
0.053 -0.136608
0.054 -0.136768
0.055 -0.136928
0.056 -0.137088
0.057 -0.137248
0.058 -0.137407
0.059 -0.137566
0.06 -0.137725
0.061 -0.137883
0.062 -0.138042
0.063 -0.138199
0.064 -0.138357
0.065 -0.138514
0.066 -0.138671
0.067 -0.138827
0.068 -0.138983
0.069 -0.139139
0.07 -0.139295
0.071 -0.13945
0.072 -0.139605
0.073 -0.139759
0.074 -0.139913
0.075 -0.140066
0.076 -0.14022
0.077 -0.140372
0.078 -0.140525
0.079 -0.140677
0.08 -0.140828
0.081 -0.140979
0.082 -0.14113
0.083 -0.14128
0.084 -0.14143
0.085 -0.14158
0.086 -0.141728
0.087 -0.141877
0.088 -0.142025
0.089 -0.142172
0.09 -0.142319
0.091 -0.142466
0.092 -0.142612
0.093 -0.142758
0.094 -0.142903
0.095 -0.143047
0.096 -0.143191
0.097 -0.143335
0.098 -0.143478
0.099 -0.14362
0.1 -0.143762
0.101 -0.143903
0.102 -0.144044
0.103 -0.144184
0.104 -0.144324
0.105 -0.144463
0.106 -0.144601
0.107 -0.144739
0.108 -0.144877
0.109 -0.145013
0.11 -0.145149
0.111 -0.145285
0.112 -0.14542
0.113 -0.145554
0.114 -0.145688
0.115 -0.14582
0.116 -0.145953
0.117 -0.146084
0.118 -0.146216
0.119 -0.146346
0.12 -0.146476
0.121 -0.146605
0.122 -0.146733
0.123 -0.146861
0.124 -0.146988
0.125 -0.147114
0.126 -0.147239
0.127 -0.147364
0.128 -0.147488
0.129 -0.147612
0.13 -0.147734
0.131 -0.147856
0.132 -0.147977
0.133 -0.148098
0.134 -0.148217
0.135 -0.148336
0.136 -0.148455
0.137 -0.148572
0.138 -0.148688
0.139 -0.148804
0.14 -0.148919
0.141 -0.149033
0.142 -0.149147
0.143 -0.149259
0.144 -0.149371
0.145 -0.149482
0.146 -0.149592
0.147 -0.149701
0.148 -0.14981
0.149 -0.149917
0.15 -0.150024
0.151 -0.15013
0.152 -0.150235
0.153 -0.150339
0.154 -0.150442
0.155 -0.150544
0.156 -0.150646
0.157 -0.150746
0.158 -0.150846
0.159 -0.150944
0.16 -0.151042
0.161 -0.151139
0.162 -0.151235
0.163 -0.15133
0.164 -0.151424
0.165 -0.151517
0.166 -0.151609
0.167 -0.1517
0.168 -0.15179
0.169 -0.151879
0.17 -0.151967
0.171 -0.152054
0.172 -0.15214
0.173 -0.152226
0.174 -0.15231
0.175 -0.152393
0.176 -0.152475
0.177 -0.152556
0.178 -0.152636
0.179 -0.152715
0.18 -0.152793
0.181 -0.15287
0.182 -0.152945
0.183 -0.15302
0.184 -0.153094
0.185 -0.153166
0.186 -0.153238
0.187 -0.153308
0.188 -0.153377
0.189 -0.153446
0.19 -0.153513
0.191 -0.153578
0.192 -0.153643
0.193 -0.153707
0.194 -0.153769
0.195 -0.153831
0.196 -0.153891
0.197 -0.15395
0.198 -0.154008
0.199 -0.154064
0.2 -0.15412
0.201 -0.154174
0.202 -0.154227
0.203 -0.154279
0.204 -0.15433
0.205 -0.154379
0.206 -0.154428
0.207 -0.154475
0.208 -0.15452
0.209 -0.154565
0.21 -0.154608
0.211 -0.15465
0.212 -0.154691
0.213 -0.15473
0.214 -0.154769
0.215 -0.154806
0.216 -0.154841
0.217 -0.154876
0.218 -0.154909
0.219 -0.15494
0.22 -0.154971
0.221 -0.155
0.222 -0.155028
0.223 -0.155054
0.224 -0.155079
0.225 -0.155103
0.226 -0.155125
0.227 -0.155146
0.228 -0.155166
0.229 -0.155184
0.23 -0.155201
0.231 -0.155217
0.232 -0.155231
0.233 -0.155244
0.234 -0.155255
0.235 -0.155265
0.236 -0.155273
0.237 -0.15528
0.238 -0.155286
0.239 -0.15529
0.24 -0.155293
0.241 -0.155294
0.242 -0.155294
0.243 -0.155292
0.244 -0.155289
0.245 -0.155284
0.246 -0.155278
0.247 -0.155271
0.248 -0.155261
0.249 -0.155251
0.25 -0.155239
0.251 -0.155225
0.252 -0.15521
0.253 -0.155193
0.254 -0.155175
0.255 -0.155155
0.256 -0.155133
0.257 -0.15511
0.258 -0.155086
0.259 -0.15506
0.26 -0.155032
0.261 -0.155003
0.262 -0.154972
0.263 -0.154939
0.264 -0.154905
0.265 -0.154869
0.266 -0.154832
0.267 -0.154793
0.268 -0.154752
0.269 -0.15471
0.27 -0.154666
0.271 -0.154621
0.272 -0.154573
0.273 -0.154524
0.274 -0.154474
0.275 -0.154421
0.276 -0.154367
0.277 -0.154312
0.278 -0.154254
0.279 -0.154195
0.28 -0.154134
0.281 -0.154072
0.282 -0.154007
0.283 -0.153941
0.284 -0.153873
0.285 -0.153804
0.286 -0.153732
0.287 -0.153659
0.288 -0.153584
0.289 -0.153508
0.29 -0.153429
0.291 -0.153349
0.292 -0.153267
0.293 -0.153183
0.294 -0.153097
0.295 -0.153009
0.296 -0.15292
0.297 -0.152829
0.298 -0.152736
0.299 -0.152641
0.3 -0.152544
0.301 -0.152445
0.302 -0.152345
0.303 -0.152242
0.304 -0.152138
0.305 -0.152032
0.306 -0.151923
0.307 -0.151813
0.308 -0.151701
0.309 -0.151588
0.31 -0.151472
0.311 -0.151354
0.312 -0.151234
0.313 -0.151112
0.314 -0.150989
0.315 -0.150863
0.316 -0.150736
0.317 -0.150606
0.318 -0.150474
0.319 -0.150341
0.32 -0.150205
0.321 -0.150068
0.322 -0.149928
0.323 -0.149786
0.324 -0.149643
0.325 -0.149497
0.326 -0.149349
0.327 -0.149199
0.328 -0.149048
0.329 -0.148894
0.33 -0.148738
0.331 -0.148579
0.332 -0.148419
0.333 -0.148257
0.334 -0.148093
0.335 -0.147926
0.336 -0.147757
0.337 -0.147587
0.338 -0.147414
0.339 -0.147239
0.34 -0.147061
0.341 -0.146882
0.342 -0.146701
0.343 -0.146517
0.344 -0.146331
0.345 -0.146143
0.346 -0.145953
0.347 -0.14576
0.348 -0.145566
0.349 -0.145369
0.35 -0.14517
0.351 -0.144968
0.352 -0.144765
0.353 -0.144559
0.354 -0.144351
0.355 -0.14414
0.356 -0.143928
0.357 -0.143713
0.358 -0.143496
0.359 -0.143276
0.36 -0.143055
0.361 -0.142831
0.362 -0.142604
0.363 -0.142376
0.364 -0.142145
0.365 -0.141911
0.366 -0.141676
0.367 -0.141438
0.368 -0.141197
0.369 -0.140954
0.37 -0.140709
0.371 -0.140462
0.372 -0.140212
0.373 -0.13996
0.374 -0.139705
0.375 -0.139448
0.376 -0.139188
0.377 -0.138927
0.378 -0.138662
0.379 -0.138395
0.38 -0.138126
0.381 -0.137854
0.382 -0.13758
0.383 -0.137304
0.384 -0.137025
0.385 -0.136743
0.386 -0.136459
0.387 -0.136173
0.388 -0.135883
0.389 -0.135592
0.39 -0.135298
0.391 -0.135001
0.392 -0.134702
0.393 -0.1344
0.394 -0.134096
0.395 -0.133789
0.396 -0.13348
0.397 -0.133168
0.398 -0.132853
0.399 -0.132536
0.4 -0.132217
0.401 -0.131894
0.402 -0.131569
0.403 -0.131242
0.404 -0.130912
0.405 -0.130579
0.406 -0.130243
0.407 -0.129905
0.408 -0.129565
0.409 -0.129221
0.41 -0.128875
0.411 -0.128526
0.412 -0.128175
0.413 -0.127821
0.414 -0.127464
0.415 -0.127104
0.416 -0.126742
0.417 -0.126377
0.418 -0.126009
0.419 -0.125639
0.42 -0.125266
0.421 -0.12489
0.422 -0.124511
0.423 -0.124129
0.424 -0.123745
0.425 -0.123358
0.426 -0.122968
0.427 -0.122575
0.428 -0.12218
0.429 -0.121782
0.43 -0.12138
0.431 -0.120976
0.432 -0.12057
0.433 -0.12016
0.434 -0.119747
0.435 -0.119332
0.436 -0.118914
0.437 -0.118493
0.438 -0.118069
0.439 -0.117642
0.44 -0.117212
0.441 -0.116779
0.442 -0.116343
0.443 -0.115905
0.444 -0.115463
0.445 -0.115019
0.446 -0.114571
0.447 -0.114121
0.448 -0.113668
0.449 -0.113211
0.45 -0.112752
0.451 -0.11229
0.452 -0.111824
0.453 -0.111356
0.454 -0.110885
0.455 -0.11041
0.456 -0.109933
0.457 -0.109453
0.458 -0.108969
0.459 -0.108483
0.46 -0.107993
0.461 -0.1075
0.462 -0.107005
0.463 -0.106506
0.464 -0.106004
0.465 -0.105499
0.466 -0.104991
0.467 -0.10448
0.468 -0.103965
0.469 -0.103448
0.47 -0.102927
0.471 -0.102403
0.472 -0.101876
0.473 -0.101346
0.474 -0.100813
0.475 -0.100276
0.476 -0.0997368
0.477 -0.099194
0.478 -0.098648
0.479 -0.0980987
0.48 -0.0975462
0.481 -0.0969905
0.482 -0.0964315
0.483 -0.0958693
0.484 -0.0953039
0.485 -0.0947352
0.486 -0.0941632
0.487 -0.0935879
0.488 -0.0930094
0.489 -0.0924276
0.49 -0.0918424
0.491 -0.091254
0.492 -0.0906622
0.493 -0.0900671
0.494 -0.0894687
0.495 -0.0888669
0.496 -0.0882618
0.497 -0.0876533
0.498 -0.0870415
0.499 -0.0864263
0.5 -0.0858077
0.501 -0.0851857
0.502 -0.0845603
0.503 -0.0839315
0.504 -0.0832993
0.505 -0.0826636
0.506 -0.0820246
0.507 -0.0813821
0.508 -0.0807361
0.509 -0.0800867
0.51 -0.0794338
0.511 -0.0787775
0.512 -0.0781176
0.513 -0.0774543
0.514 -0.0767875
0.515 -0.0761172
0.516 -0.0754434
0.517 -0.074766
0.518 -0.0740851
0.519 -0.0734007
0.52 -0.0727128
0.521 -0.0720212
0.522 -0.0713262
0.523 -0.0706275
0.524 -0.0699253
0.525 -0.0692195
0.526 -0.06851
0.527 -0.067797
0.528 -0.0670804
0.529 -0.0663601
0.53 -0.0656363
0.531 -0.0649088
0.532 -0.0641776
0.533 -0.0634428
0.534 -0.0627043
0.535 -0.0619622
0.536 -0.0612164
0.537 -0.0604669
0.538 -0.0597137
0.539 -0.0589568
0.54 -0.0581962
0.541 -0.0574318
0.542 -0.0566638
0.543 -0.055892
0.544 -0.0551164
0.545 -0.0543372
0.546 -0.0535541
0.547 -0.0527673
0.548 -0.0519767
0.549 -0.0511823
0.55 -0.0503841
0.551 -0.0495822
0.552 -0.0487764
0.553 -0.0479668
0.554 -0.0471533
0.555 -0.0463361
0.556 -0.045515
0.557 -0.04469
0.558 -0.0438612
0.559 -0.0430285
0.56 -0.0421919
0.561 -0.0413514
0.562 -0.0405071
0.563 -0.0396588
0.564 -0.0388067
0.565 -0.0379506
0.566 -0.0370906
0.567 -0.0362266
0.568 -0.0353588
0.569 -0.0344869
0.57 -0.0336111
0.571 -0.0327313
0.572 -0.0318476
0.573 -0.0309599
0.574 -0.0300681
0.575 -0.0291724
0.576 -0.0282727
0.577 -0.0273689
0.578 -0.0264611
0.579 -0.0255493
0.58 -0.0246334
0.581 -0.0237135
0.582 -0.0227895
0.583 -0.0218614
0.584 -0.0209293
0.585 -0.0199931
0.586 -0.0190528
0.587 -0.0181083
0.588 -0.0171598
0.589 -0.0162072
0.59 -0.0152504
0.591 -0.0142895
0.592 -0.0133244
0.593 -0.0123552
0.594 -0.0113818
0.595 -0.0104042
0.596 -0.0094225
0.597 -0.00843657
0.598 -0.00744645
0.599 -0.00645213
0.6 -0.00545359
0.601 -0.00445083
0.602 -0.00344384
0.603 -0.00243261
0.604 -0.00141713
0.605 -0.0003974
0.606 0.000626598
0.607 0.00165487
0.608 0.00268742
0.609 0.00372426
0.61 0.0047654
0.611 0.00581085
0.612 0.00686061
0.613 0.0079147
0.614 0.00897311
0.615 0.0100359
0.616 0.011103
0.617 0.0121744
0.618 0.0132503
0.619 0.0143305
0.62 0.0154151
0.621 0.0165041
0.622 0.0175974
0.623 0.0186952
0.624 0.0197974
0.625 0.0209041
0.626 0.0220151
0.627 0.0231307
0.628 0.0242506
0.629 0.025375
0.63 0.0265039
0.631 0.0276373
0.632 0.0287751
0.633 0.0299175
0.634 0.0310643
0.635 0.0322157
0.636 0.0333716
0.637 0.034532
0.638 0.0356969
0.639 0.0368664
0.64 0.0380405
0.641 0.0392191
0.642 0.0404022
0.643 0.04159
0.644 0.0427823
0.645 0.0439793
0.646 0.0451808
0.647 0.046387
0.648 0.0475977
0.649 0.0488132
0.65 0.0500332
0.651 0.0512579
0.652 0.0524872
0.653 0.0537213
0.654 0.0549599
0.655 0.0562033
0.656 0.0574514
0.657 0.0587041
0.658 0.0599616
0.659 0.0612238
0.66 0.0624907
0.661 0.0637623
0.662 0.0650387
0.663 0.0663198
0.664 0.0676057
0.665 0.0688963
0.666 0.0701918
0.667 0.071492
0.668 0.072797
0.669 0.0741068
0.67 0.0754214
0.671 0.0767408
0.672 0.0780651
0.673 0.0793942
0.674 0.0807281
0.675 0.0820669
0.676 0.0834105
0.677 0.0847591
0.678 0.0861124
0.679 0.0874707
0.68 0.0888339
0.681 0.090202
0.682 0.091575
0.683 0.0929529
0.684 0.0943357
0.685 0.0957235
0.686 0.0971162
0.687 0.0985139
0.688 0.0999165
0.689 0.101324
0.69 0.102737
0.691 0.104154
0.692 0.105577
0.693 0.107004
0.694 0.108437
0.695 0.109875
0.696 0.111317
0.697 0.112765
0.698 0.114218
0.699 0.115676
0.7 0.117138
0.701 0.118606
0.702 0.120079
0.703 0.121557
0.704 0.123041
0.705 0.124529
0.706 0.126022
0.707 0.127521
0.708 0.129025
0.709 0.130533
0.71 0.132047
0.711 0.133567
0.712 0.135091
0.713 0.13662
0.714 0.138155
0.715 0.139695
0.716 0.14124
0.717 0.14279
0.718 0.144346
0.719 0.145906
0.72 0.147472
0.721 0.149043
0.722 0.15062
0.723 0.152202
0.724 0.153789
0.725 0.155381
0.726 0.156978
0.727 0.158581
0.728 0.160189
0.729 0.161803
0.73 0.163421
0.731 0.165046
0.732 0.166675
0.733 0.16831
0.734 0.16995
0.735 0.171595
0.736 0.173246
0.737 0.174902
0.738 0.176564
0.739 0.178231
0.74 0.179903
0.741 0.181581
0.742 0.183264
0.743 0.184953
0.744 0.186647
0.745 0.188347
0.746 0.190052
0.747 0.191762
0.748 0.193478
0.749 0.1952
0.75 0.196926
0.751 0.198659
0.752 0.200397
0.753 0.20214
0.754 0.203889
0.755 0.205644
0.756 0.207404
0.757 0.209169
0.758 0.21094
0.759 0.212717
0.76 0.214499
0.761 0.216287
0.762 0.21808
0.763 0.219879
0.764 0.221684
0.765 0.223494
0.766 0.22531
0.767 0.227131
0.768 0.228958
0.769 0.230791
0.77 0.23263
0.771 0.234474
0.772 0.236323
0.773 0.238179
0.774 0.24004
0.775 0.241907
0.776 0.243779
0.777 0.245657
0.778 0.247541
0.779 0.249431
0.78 0.251326
0.781 0.253227
0.782 0.255134
0.783 0.257047
0.784 0.258965
0.785 0.26089
0.786 0.262819
0.787 0.264755
0.788 0.266697
0.789 0.268644
0.79 0.270597
0.791 0.272556
0.792 0.274521
0.793 0.276492
0.794 0.278468
0.795 0.280451
0.796 0.282439
0.797 0.284433
0.798 0.286433
0.799 0.288439
0.8 0.290451
0.801 0.292469
0.802 0.294492
0.803 0.296522
0.804 0.298558
0.805 0.300599
0.806 0.302646
0.807 0.3047
0.808 0.306759
0.809 0.308824
0.81 0.310896
0.811 0.312973
0.812 0.315056
0.813 0.317145
0.814 0.319241
0.815 0.321342
0.816 0.323449
0.817 0.325562
0.818 0.327682
0.819 0.329807
0.82 0.331939
0.821 0.334076
0.822 0.33622
0.823 0.33837
0.824 0.340526
0.825 0.342687
0.826 0.344855
0.827 0.34703
0.828 0.34921
0.829 0.351396
0.83 0.353589
0.831 0.355787
0.832 0.357992
0.833 0.360203
0.834 0.36242
0.835 0.364644
0.836 0.366873
0.837 0.369109
0.838 0.371351
0.839 0.373599
0.84 0.375854
0.841 0.378114
0.842 0.380381
0.843 0.382654
0.844 0.384933
0.845 0.387219
0.846 0.389511
0.847 0.391809
0.848 0.394113
0.849 0.396424
0.85 0.398741
0.851 0.401064
0.852 0.403394
0.853 0.405729
0.854 0.408072
0.855 0.41042
0.856 0.412775
0.857 0.415136
0.858 0.417504
0.859 0.419878
0.86 0.422258
0.861 0.424645
0.862 0.427038
0.863 0.429438
0.864 0.431843
0.865 0.434256
0.866 0.436674
0.867 0.4391
0.868 0.441531
0.869 0.443969
0.87 0.446414
0.871 0.448865
0.872 0.451322
0.873 0.453786
0.874 0.456256
0.875 0.458733
0.876 0.461216
0.877 0.463706
0.878 0.466202
0.879 0.468705
0.88 0.471214
0.881 0.47373
0.882 0.476253
0.883 0.478782
0.884 0.481317
0.885 0.483859
0.886 0.486408
0.887 0.488963
0.888 0.491525
0.889 0.494093
0.89 0.496668
0.891 0.49925
0.892 0.501838
0.893 0.504433
0.894 0.507034
0.895 0.509642
0.896 0.512257
0.897 0.514878
0.898 0.517506
0.899 0.520141
0.9 0.522782
0.901 0.52543
0.902 0.528085
0.903 0.530746
0.904 0.533414
0.905 0.536089
0.906 0.53877
0.907 0.541458
0.908 0.544153
0.909 0.546855
0.91 0.549563
0.911 0.552278
0.912 0.555
0.913 0.557729
0.914 0.560464
0.915 0.563206
0.916 0.565955
0.917 0.568711
0.918 0.571474
0.919 0.574243
0.92 0.577019
0.921 0.579802
0.922 0.582592
0.923 0.585388
0.924 0.588192
0.925 0.591002
0.926 0.593819
0.927 0.596643
0.928 0.599474
0.929 0.602312
0.93 0.605156
0.931 0.608008
0.932 0.610866
0.933 0.613731
0.934 0.616603
0.935 0.619482
0.936 0.622368
0.937 0.625261
0.938 0.628161
0.939 0.631068
0.94 0.633981
0.941 0.636902
0.942 0.63983
0.943 0.642764
0.944 0.645706
0.945 0.648654
0.946 0.65161
0.947 0.654572
0.948 0.657542
0.949 0.660518
0.95 0.663502
0.951 0.666492
0.952 0.66949
0.953 0.672494
0.954 0.675506
0.955 0.678524
0.956 0.68155
0.957 0.684583
0.958 0.687622
0.959 0.690669
0.96 0.693723
0.961 0.696784
0.962 0.699852
0.963 0.702927
0.964 0.706009
0.965 0.709099
0.966 0.712195
0.967 0.715299
0.968 0.718409
0.969 0.721527
0.97 0.724652
0.971 0.727784
0.972 0.730924
0.973 0.73407
0.974 0.737223
0.975 0.740384
0.976 0.743552
0.977 0.746727
0.978 0.749909
0.979 0.753099
0.98 0.756295
0.981 0.759499
0.982 0.76271
0.983 0.765928
0.984 0.769154
0.985 0.772386
0.986 0.775626
0.987 0.778873
0.988 0.782128
0.989 0.785389
0.99 0.788658
0.991 0.791934
0.992 0.795218
0.993 0.798508
0.994 0.801806
0.995 0.805111
0.996 0.808424
0.997 0.811744
0.998 0.815071
0.999 0.818405
1 0.821747
1.001 0.825096
1.002 0.828452
1.003 0.831816
1.004 0.835187
1.005 0.838565
1.006 0.841951
1.007 0.845344
1.008 0.848744
1.009 0.852152
1.01 0.855567
1.011 0.858989
1.012 0.862419
1.013 0.865856
1.014 0.869301
1.015 0.872753
1.016 0.876212
1.017 0.879679
1.018 0.883153
1.019 0.886634
1.02 0.890123
1.021 0.89362
1.022 0.897124
1.023 0.900635
1.024 0.904154
1.025 0.90768
1.026 0.911213
1.027 0.914754
1.028 0.918303
1.029 0.921859
1.03 0.925422
1.031 0.928993
1.032 0.932571
1.033 0.936157
1.034 0.939751
1.035 0.943351
1.036 0.94696
1.037 0.950576
1.038 0.954199
1.039 0.95783
1.04 0.961468
1.041 0.965114
1.042 0.968767
1.043 0.972428
1.044 0.976097
1.045 0.979773
1.046 0.983456
1.047 0.987147
1.048 0.990846
1.049 0.994552
1.05 0.998266
1.051 1.00199
1.052 1.00572
1.053 1.00945
1.054 1.0132
1.055 1.01695
1.056 1.02071
1.057 1.02447
1.058 1.02825
1.059 1.03203
1.06 1.03582
1.061 1.03962
1.062 1.04342
1.063 1.04723
1.064 1.05105
1.065 1.05488
1.066 1.05872
1.067 1.06256
1.068 1.06641
1.069 1.07027
1.07 1.07414
1.071 1.07801
1.072 1.08189
1.073 1.08578
1.074 1.08968
1.075 1.09358
1.076 1.09749
1.077 1.10141
1.078 1.10534
1.079 1.10927
1.08 1.11322
1.081 1.11717
1.082 1.12112
1.083 1.12509
1.084 1.12906
1.085 1.13304
1.086 1.13703
1.087 1.14103
1.088 1.14503
1.089 1.14904
1.09 1.15306
1.091 1.15709
1.092 1.16113
1.093 1.16517
1.094 1.16922
1.095 1.17328
1.096 1.17734
1.097 1.18142
1.098 1.1855
1.099 1.18959
1.1 1.19369
1.101 1.19779
1.102 1.2019
1.103 1.20602
1.104 1.21015
1.105 1.21429
1.106 1.21843
1.107 1.22258
1.108 1.22674
1.109 1.23091
1.11 1.23508
1.111 1.23927
1.112 1.24346
1.113 1.24766
1.114 1.25186
1.115 1.25607
1.116 1.2603
1.117 1.26453
1.118 1.26876
1.119 1.27301
1.12 1.27726
1.121 1.28152
1.122 1.28579
1.123 1.29007
1.124 1.29435
1.125 1.29864
1.126 1.30294
1.127 1.30725
1.128 1.31157
1.129 1.31589
1.13 1.32022
1.131 1.32456
1.132 1.32891
1.133 1.33326
1.134 1.33762
1.135 1.34199
1.136 1.34637
1.137 1.35076
1.138 1.35515
1.139 1.35955
1.14 1.36396
1.141 1.36838
1.142 1.37281
1.143 1.37724
1.144 1.38168
1.145 1.38613
1.146 1.39059
1.147 1.39505
1.148 1.39953
1.149 1.40401
1.15 1.40849
1.151 1.41299
1.152 1.4175
1.153 1.42201
1.154 1.42653
1.155 1.43106
1.156 1.43559
1.157 1.44014
1.158 1.44469
1.159 1.44925
1.16 1.45381
1.161 1.45839
1.162 1.46297
1.163 1.46756
1.164 1.47216
1.165 1.47677
1.166 1.48139
1.167 1.48601
1.168 1.49064
1.169 1.49528
1.17 1.49993
1.171 1.50458
1.172 1.50924
1.173 1.51391
1.174 1.51859
1.175 1.52328
1.176 1.52797
1.177 1.53267
1.178 1.53738
1.179 1.5421
1.18 1.54683
1.181 1.55156
1.182 1.5563
1.183 1.56105
1.184 1.56581
1.185 1.57058
1.186 1.57535
1.187 1.58013
1.188 1.58492
1.189 1.58972
1.19 1.59452
1.191 1.59934
1.192 1.60416
1.193 1.60899
1.194 1.61383
1.195 1.61867
1.196 1.62352
1.197 1.62838
1.198 1.63325
1.199 1.63813
1.2 1.64302
1.201 1.64791
1.202 1.65281
1.203 1.65772
1.204 1.66263
1.205 1.66756
1.206 1.67249
1.207 1.67743
1.208 1.68238
1.209 1.68734
1.21 1.6923
1.211 1.69727
1.212 1.70225
1.213 1.70724
1.214 1.71224
1.215 1.71724
1.216 1.72225
1.217 1.72727
1.218 1.7323
1.219 1.73734
1.22 1.74238
1.221 1.74743
1.222 1.75249
1.223 1.75756
1.224 1.76264
1.225 1.76772
1.226 1.77281
1.227 1.77791
1.228 1.78302
1.229 1.78813
1.23 1.79326
1.231 1.79839
1.232 1.80353
1.233 1.80867
1.234 1.81383
1.235 1.81899
1.236 1.82416
1.237 1.82934
1.238 1.83453
1.239 1.83972
1.24 1.84493
1.241 1.85014
1.242 1.85536
1.243 1.86058
1.244 1.86582
1.245 1.87106
1.246 1.87631
1.247 1.88157
1.248 1.88683
1.249 1.89211
1.25 1.89739
1.251 1.90268
1.252 1.90798
1.253 1.91328
1.254 1.9186
1.255 1.92392
1.256 1.92925
1.257 1.93459
1.258 1.93993
1.259 1.94529
1.26 1.95065
1.261 1.95602
1.262 1.96139
1.263 1.96678
1.264 1.97217
1.265 1.97757
1.266 1.98298
1.267 1.9884
1.268 1.99382
1.269 1.99925
1.27 2.00469
1.271 2.01014
1.272 2.0156
1.273 2.02106
1.274 2.02653
1.275 2.03201
1.276 2.0375
1.277 2.043
1.278 2.0485
1.279 2.05401
1.28 2.05953
1.281 2.06506
1.282 2.07059
1.283 2.07614
1.284 2.08169
1.285 2.08724
1.286 2.09281
1.287 2.09838
1.288 2.10397
1.289 2.10956
1.29 2.11515
1.291 2.12076
1.292 2.12637
1.293 2.13199
1.294 2.13762
1.295 2.14326
1.296 2.1489
1.297 2.15456
1.298 2.16022
1.299 2.16589
1.3 2.17156
1.301 2.17725
1.302 2.18294
1.303 2.18864
1.304 2.19434
1.305 2.20006
1.306 2.20578
1.307 2.21151
1.308 2.21725
1.309 2.223
1.31 2.22875
1.311 2.23451
1.312 2.24028
1.313 2.24606
1.314 2.25184
1.315 2.25764
1.316 2.26344
1.317 2.26925
1.318 2.27506
1.319 2.28089
1.32 2.28672
1.321 2.29256
1.322 2.29841
1.323 2.30426
1.324 2.31012
1.325 2.31599
1.326 2.32187
1.327 2.32776
1.328 2.33365
1.329 2.33955
1.33 2.34546
1.331 2.35138
1.332 2.3573
1.333 2.36323
1.334 2.36917
1.335 2.37512
1.336 2.38108
1.337 2.38704
1.338 2.39301
1.339 2.39899
1.34 2.40497
1.341 2.41097
1.342 2.41697
1.343 2.42298
1.344 2.42899
1.345 2.43502
1.346 2.44105
1.347 2.44709
1.348 2.45313
1.349 2.45919
1.35 2.46525
1.351 2.47132
1.352 2.4774
1.353 2.48348
1.354 2.48958
1.355 2.49568
1.356 2.50178
1.357 2.5079
1.358 2.51402
1.359 2.52015
1.36 2.52629
1.361 2.53244
1.362 2.53859
1.363 2.54475
1.364 2.55092
1.365 2.55709
1.366 2.56328
1.367 2.56947
1.368 2.57567
1.369 2.58187
1.37 2.58809
1.371 2.59431
1.372 2.60053
1.373 2.60677
1.374 2.61301
1.375 2.61926
1.376 2.62552
1.377 2.63179
1.378 2.63806
1.379 2.64434
1.38 2.65063
1.381 2.65693
1.382 2.66323
1.383 2.66954
1.384 2.67586
1.385 2.68218
1.386 2.68851
1.387 2.69485
1.388 2.7012
1.389 2.70756
1.39 2.71392
1.391 2.72029
1.392 2.72667
1.393 2.73305
1.394 2.73944
1.395 2.74584
1.396 2.75225
1.397 2.75866
1.398 2.76508
1.399 2.77151
1.4 2.77795
1.401 2.78439
1.402 2.79084
1.403 2.7973
1.404 2.80376
1.405 2.81023
1.406 2.81671
1.407 2.8232
1.408 2.82969
1.409 2.8362
1.41 2.8427
1.411 2.84922
1.412 2.85574
1.413 2.86227
1.414 2.86881
1.415 2.87535
1.416 2.88191
1.417 2.88847
1.418 2.89503
1.419 2.9016
1.42 2.90819
1.421 2.91477
1.422 2.92137
1.423 2.92797
1.424 2.93458
1.425 2.94119
1.426 2.94782
1.427 2.95445
1.428 2.96109
1.429 2.96773
1.43 2.97438
1.431 2.98104
1.432 2.98771
1.433 2.99438
1.434 3.00106
1.435 3.00775
1.436 3.01444
1.437 3.02114
1.438 3.02785
1.439 3.03456
1.44 3.04129
1.441 3.04802
1.442 3.05475
1.443 3.06149
1.444 3.06824
1.445 3.075
1.446 3.08177
1.447 3.08854
1.448 3.09531
1.449 3.1021
1.45 3.10889
1.451 3.11569
1.452 3.12249
1.453 3.12931
1.454 3.13613
1.455 3.14295
1.456 3.14978
1.457 3.15662
1.458 3.16347
1.459 3.17032
1.46 3.17718
1.461 3.18405
1.462 3.19093
1.463 3.19781
1.464 3.20469
1.465 3.21159
1.466 3.21849
1.467 3.2254
1.468 3.23231
1.469 3.23923
1.47 3.24616
1.471 3.25309
1.472 3.26003
1.473 3.26698
1.474 3.27394
1.475 3.2809
1.476 3.28787
1.477 3.29484
1.478 3.30182
1.479 3.30881
1.48 3.3158
1.481 3.32281
1.482 3.32981
1.483 3.33683
1.484 3.34385
1.485 3.35088
1.486 3.35791
1.487 3.36495
1.488 3.372
1.489 3.37905
1.49 3.38611
1.491 3.39318
1.492 3.40025
1.493 3.40733
1.494 3.41442
1.495 3.42151
1.496 3.42861
1.497 3.43571
1.498 3.44283
1.499 3.44994
1.5 3.45707
1.501 3.4642
1.502 3.47134
1.503 3.47848
1.504 3.48563
1.505 3.49279
1.506 3.49995
1.507 3.50712
1.508 3.51429
1.509 3.52148
1.51 3.52866
1.511 3.53586
1.512 3.54306
1.513 3.55027
1.514 3.55748
1.515 3.5647
1.516 3.57192
1.517 3.57916
1.518 3.58639
1.519 3.59364
1.52 3.60089
1.521 3.60814
1.522 3.61541
1.523 3.62268
1.524 3.62995
1.525 3.63723
1.526 3.64452
1.527 3.65181
1.528 3.65911
1.529 3.66642
1.53 3.67373
1.531 3.68104
1.532 3.68837
1.533 3.6957
1.534 3.70303
1.535 3.71037
1.536 3.71772
1.537 3.72507
1.538 3.73243
1.539 3.7398
1.54 3.74717
1.541 3.75455
1.542 3.76193
1.543 3.76932
1.544 3.77671
1.545 3.78411
1.546 3.79152
1.547 3.79893
1.548 3.80635
1.549 3.81377
1.55 3.8212
1.551 3.82864
1.552 3.83608
1.553 3.84353
1.554 3.85098
1.555 3.85844
1.556 3.8659
1.557 3.87337
1.558 3.88085
1.559 3.88833
1.56 3.89581
1.561 3.90331
1.562 3.9108
1.563 3.91831
1.564 3.92582
1.565 3.93333
1.566 3.94085
1.567 3.94838
1.568 3.95591
1.569 3.96345
1.57 3.97099
1.571 3.97854
1.572 3.98609
1.573 3.99365
1.574 4.00121
1.575 4.00878
1.576 4.01636
1.577 4.02394
1.578 4.03152
1.579 4.03911
1.58 4.04671
1.581 4.05431
1.582 4.06192
1.583 4.06953
1.584 4.07715
1.585 4.08478
1.586 4.0924
1.587 4.10004
1.588 4.10768
1.589 4.11532
1.59 4.12297
1.591 4.13063
1.592 4.13829
1.593 4.14595
1.594 4.15362
1.595 4.1613
1.596 4.16898
1.597 4.17666
1.598 4.18435
1.599 4.19205
1.6 4.19975
1.601 4.20746
1.602 4.21517
1.603 4.22288
1.604 4.2306
1.605 4.23833
1.606 4.24606
1.607 4.2538
1.608 4.26154
1.609 4.26928
1.61 4.27704
1.611 4.28479
1.612 4.29255
1.613 4.30032
1.614 4.30809
1.615 4.31586
1.616 4.32364
1.617 4.33143
1.618 4.33922
1.619 4.34701
1.62 4.35481
1.621 4.36261
1.622 4.37042
1.623 4.37823
1.624 4.38605
1.625 4.39387
1.626 4.4017
1.627 4.40953
1.628 4.41737
1.629 4.42521
1.63 4.43306
1.631 4.44091
1.632 4.44876
1.633 4.45662
1.634 4.46448
1.635 4.47235
1.636 4.48022
1.637 4.4881
1.638 4.49598
1.639 4.50387
1.64 4.51176
1.641 4.51966
1.642 4.52755
1.643 4.53546
1.644 4.54337
1.645 4.55128
1.646 4.55919
1.647 4.56712
1.648 4.57504
1.649 4.58297
1.65 4.5909
1.651 4.59884
1.652 4.60678
1.653 4.61473
1.654 4.62268
1.655 4.63064
1.656 4.63859
1.657 4.64656
1.658 4.65452
1.659 4.66249
1.66 4.67047
1.661 4.67845
1.662 4.68643
1.663 4.69442
1.664 4.70241
1.665 4.71041
1.666 4.71841
1.667 4.72641
1.668 4.73442
1.669 4.74243
1.67 4.75044
1.671 4.75846
1.672 4.76648
1.673 4.77451
1.674 4.78254
1.675 4.79057
1.676 4.79861
1.677 4.80665
1.678 4.8147
1.679 4.82275
1.68 4.8308
1.681 4.83885
1.682 4.84691
1.683 4.85498
1.684 4.86304
1.685 4.87112
1.686 4.87919
1.687 4.88727
1.688 4.89535
1.689 4.90343
1.69 4.91152
1.691 4.91962
1.692 4.92771
1.693 4.93581
1.694 4.94391
1.695 4.95202
1.696 4.96013
1.697 4.96824
1.698 4.97636
1.699 4.98447
1.7 4.9926
1.701 5.00072
1.702 5.00885
1.703 5.01699
1.704 5.02512
1.705 5.03326
1.706 5.0414
1.707 5.04955
1.708 5.0577
1.709 5.06585
1.71 5.074
1.711 5.08216
1.712 5.09032
1.713 5.09848
1.714 5.10665
1.715 5.11482
1.716 5.12299
1.717 5.13117
1.718 5.13935
1.719 5.14753
1.72 5.15572
1.721 5.1639
1.722 5.17209
1.723 5.18029
1.724 5.18848
1.725 5.19668
1.726 5.20488
1.727 5.21309
1.728 5.2213
1.729 5.22951
1.73 5.23772
1.731 5.24594
1.732 5.25415
1.733 5.26237
1.734 5.2706
1.735 5.27882
1.736 5.28705
1.737 5.29528
1.738 5.30352
1.739 5.31175
1.74 5.31999
1.741 5.32824
1.742 5.33648
1.743 5.34473
1.744 5.35297
1.745 5.36123
1.746 5.36948
1.747 5.37774
1.748 5.38599
1.749 5.39425
1.75 5.40252
1.751 5.41078
1.752 5.41905
1.753 5.42732
1.754 5.43559
1.755 5.44386
1.756 5.45214
1.757 5.46042
1.758 5.4687
1.759 5.47698
1.76 5.48527
1.761 5.49355
1.762 5.50184
1.763 5.51013
1.764 5.51843
1.765 5.52672
1.766 5.53502
1.767 5.54332
1.768 5.55162
1.769 5.55992
1.77 5.56822
1.771 5.57653
1.772 5.58484
1.773 5.59315
1.774 5.60146
1.775 5.60977
1.776 5.61809
1.777 5.62641
1.778 5.63472
1.779 5.64304
1.78 5.65137
1.781 5.65969
1.782 5.66801
1.783 5.67634
1.784 5.68467
1.785 5.693
1.786 5.70133
1.787 5.70966
1.788 5.718
1.789 5.72633
1.79 5.73467
1.791 5.74301
1.792 5.75135
1.793 5.75969
1.794 5.76803
1.795 5.77638
1.796 5.78472
1.797 5.79307
1.798 5.80141
1.799 5.80976
1.8 5.81811
1.801 5.82646
1.802 5.83482
1.803 5.84317
1.804 5.85152
1.805 5.85988
1.806 5.86824
1.807 5.8766
1.808 5.88495
1.809 5.89331
1.81 5.90167
1.811 5.91004
1.812 5.9184
1.813 5.92676
1.814 5.93513
1.815 5.94349
1.816 5.95186
1.817 5.96022
1.818 5.96859
1.819 5.97696
1.82 5.98533
1.821 5.9937
1.822 6.00207
1.823 6.01044
1.824 6.01881
1.825 6.02718
1.826 6.03556
1.827 6.04393
1.828 6.05231
1.829 6.06068
1.83 6.06906
1.831 6.07743
1.832 6.08581
1.833 6.09418
1.834 6.10256
1.835 6.11094
1.836 6.11931
1.837 6.12769
1.838 6.13607
1.839 6.14445
1.84 6.15283
1.841 6.16121
1.842 6.16959
1.843 6.17797
1.844 6.18635
1.845 6.19472
1.846 6.2031
1.847 6.21148
1.848 6.21986
1.849 6.22824
1.85 6.23662
1.851 6.245
1.852 6.25338
1.853 6.26176
1.854 6.27014
1.855 6.27852
1.856 6.2869
1.857 6.29528
1.858 6.30366
1.859 6.31204
1.86 6.32042
1.861 6.3288
1.862 6.33718
1.863 6.34555
1.864 6.35393
1.865 6.36231
1.866 6.37069
1.867 6.37906
1.868 6.38744
1.869 6.39581
1.87 6.40419
1.871 6.41256
1.872 6.42094
1.873 6.42931
1.874 6.43768
1.875 6.44606
1.876 6.45443
1.877 6.4628
1.878 6.47117
1.879 6.47954
1.88 6.48791
1.881 6.49628
1.882 6.50464
1.883 6.51301
1.884 6.52138
1.885 6.52974
1.886 6.53811
1.887 6.54647
1.888 6.55483
1.889 6.56319
1.89 6.57155
1.891 6.57991
1.892 6.58827
1.893 6.59663
1.894 6.60498
1.895 6.61334
1.896 6.62169
1.897 6.63005
1.898 6.6384
1.899 6.64675
1.9 6.6551
1.901 6.66344
1.902 6.67179
1.903 6.68014
1.904 6.68848
1.905 6.69682
1.906 6.70516
1.907 6.7135
1.908 6.72184
1.909 6.73018
1.91 6.73851
1.911 6.74685
1.912 6.75518
1.913 6.76351
1.914 6.77184
1.915 6.78017
1.916 6.78849
1.917 6.79682
1.918 6.80514
1.919 6.81346
1.92 6.82178
1.921 6.8301
1.922 6.83841
1.923 6.84673
1.924 6.85504
1.925 6.86335
1.926 6.87166
1.927 6.87996
1.928 6.88827
1.929 6.89657
1.93 6.90487
1.931 6.91317
1.932 6.92146
1.933 6.92976
1.934 6.93805
1.935 6.94634
1.936 6.95463
1.937 6.96291
1.938 6.9712
1.939 6.97948
1.94 6.98776
1.941 6.99603
1.942 7.00431
1.943 7.01258
1.944 7.02085
1.945 7.02911
1.946 7.03738
1.947 7.04564
1.948 7.0539
1.949 7.06216
1.95 7.07041
1.951 7.07866
1.952 7.08691
1.953 7.09516
1.954 7.1034
1.955 7.11165
1.956 7.11988
1.957 7.12812
1.958 7.13635
1.959 7.14458
1.96 7.15281
1.961 7.16104
1.962 7.16926
1.963 7.17748
1.964 7.1857
1.965 7.19391
1.966 7.20212
1.967 7.21033
1.968 7.21853
1.969 7.22673
1.97 7.23493
1.971 7.24313
1.972 7.25132
1.973 7.25951
1.974 7.26769
1.975 7.27588
1.976 7.28406
1.977 7.29223
1.978 7.3004
1.979 7.30857
1.98 7.31674
1.981 7.3249
1.982 7.33306
1.983 7.34122
1.984 7.34937
1.985 7.35752
1.986 7.36567
1.987 7.37381
1.988 7.38195
1.989 7.39008
1.99 7.39821
1.991 7.40634
1.992 7.41447
1.993 7.42259
1.994 7.4307
1.995 7.43882
1.996 7.44693
1.997 7.45503
1.998 7.46313
1.999 7.47123
2 7.47932
